6506.000000 5.15638e-05
6507.000000 5.98118e-05
6508.000000 6.80601e-05
6509.000000 7.63084e-05
6510.000000 8.45568e-05
6511.000000 9.28048e-05
6512.000000 0.000101053
6513.000000 0.000109301
6514.000000 0.000117549
6515.000000 0.000125796
6516.000000 0.000134045
6517.000000 0.000142293
6518.000000 0.00015054
6519.000000 0.000158789
6520.000000 0.000167037
6521.000000 0.000175283
6522.000000 0.00018353
6523.000000 0.000191776
6524.000000 0.000200023
6525.000000 0.000208269
6526.000000 0.000216515
6527.000000 0.00022476
6528.000000 0.000233007
6529.000000 0.000241253
6530.000000 0.000249498
6531.000000 0.000257741
6532.000000 0.000265983
6533.000000 0.000274226
6534.000000 0.000282468
6535.000000 0.00029071
6536.000000 0.000298951
6537.000000 0.000307193
6538.000000 0.000315433
6539.000000 0.000323675
6540.000000 0.000331915
6541.000000 0.000340164
6542.000000 0.000348412
6543.000000 0.000356661
6544.000000 0.000364911
6545.000000 0.000373159
6546.000000 0.000381408
6547.000000 0.000389658
6548.000000 0.000397907
6549.000000 0.000406156
6550.000000 0.000414407
6551.000000 0.000422653
6552.000000 0.000430899
6553.000000 0.000439146
6554.000000 0.000447391
6555.000000 0.000455636
6556.000000 0.000463884
6557.000000 0.00047213
6558.000000 0.000480376
6559.000000 0.000488621
6560.000000 0.000496868
6561.000000 0.000505108
6562.000000 0.000513349
6563.000000 0.000521589
6564.000000 0.000529829
6565.000000 0.000538068
6566.000000 0.000546307
6567.000000 0.000554547
6568.000000 0.000562786
6569.000000 0.000571025
6570.000000 0.000579264
6571.000000 0.000587504
6572.000000 0.000595746
6573.000000 0.000603986
6574.000000 0.000612226
6575.000000 0.000620468
6576.000000 0.000628708
6577.000000 0.000636948
6578.000000 0.000645189
6579.000000 0.000653428
6580.000000 0.000661668
6581.000000 0.000669907
6582.000000 0.000678146
6583.000000 0.000686383
6584.000000 0.000694622
6585.000000 0.000702861
6586.000000 0.000711097
6587.000000 0.000719336
6588.000000 0.000727574
6589.000000 0.000735811
6590.000000 0.000744047
6591.000000 0.000752282
6592.000000 0.000760518
6593.000000 0.000768753
6594.000000 0.000776986
6595.000000 0.000785221
6596.000000 0.000793455
6597.000000 0.00080169
6598.000000 0.000809923
6599.000000 0.000818157
6600.000000 0.000826389
6601.000000 0.000834552
6602.000000 0.000842716
6603.000000 0.000850878
6604.000000 0.000859038
6605.000000 0.000867195
6606.000000 0.000875349
6607.000000 0.000883507
6608.000000 0.000891659
6609.000000 0.000899812
6610.000000 0.000907961
6611.000000 0.000916159
6612.000000 0.000924358
6613.000000 0.000932556
6614.000000 0.000940752
6615.000000 0.000948949
6616.000000 0.000957146
6617.000000 0.000965339
6618.000000 0.000973535
6619.000000 0.000981728
6620.000000 0.000989921
6621.000000 0.000998064
6622.000000 0.00100621
6623.000000 0.00101435
6624.000000 0.00102249
6625.000000 0.00103063
6626.000000 0.00103877
6627.000000 0.0010469
6628.000000 0.00105504
6629.000000 0.00106317
6630.000000 0.0010713
6631.000000 0.00107943
6632.000000 0.00108755
6633.000000 0.00109567
6634.000000 0.00110379
6635.000000 0.0011119
6636.000000 0.00112002
6637.000000 0.00112813
6638.000000 0.00113624
6639.000000 0.00114435
6640.000000 0.00115246
6641.000000 0.0011606
6642.000000 0.00116874
6643.000000 0.00117688
6644.000000 0.00118502
6645.000000 0.00119316
6646.000000 0.00120129
6647.000000 0.00120943
6648.000000 0.00121757
6649.000000 0.0012257
6650.000000 0.00123383
6651.000000 0.00124195
6652.000000 0.00125006
6653.000000 0.00125818
6654.000000 0.00126629
6655.000000 0.00127441
6656.000000 0.00128252
6657.000000 0.00129063
6658.000000 0.00129873
6659.000000 0.00130684
6660.000000 0.00131495
6661.000000 0.001323
6662.000000 0.00133105
6663.000000 0.0013391
6664.000000 0.00134714
6665.000000 0.00135519
6666.000000 0.00136323
6667.000000 0.00137127
6668.000000 0.00137931
6669.000000 0.00138734
6670.000000 0.00139538
6671.000000 0.00140349
6672.000000 0.0014116
6673.000000 0.00141971
6674.000000 0.00142782
6675.000000 0.00143593
6676.000000 0.00144403
6677.000000 0.00145214
6678.000000 0.00146024
6679.000000 0.00146835
6680.000000 0.00147645
6681.000000 0.00148453
6682.000000 0.0014926
6683.000000 0.00150068
6684.000000 0.00150875
6685.000000 0.00151682
6686.000000 0.00152489
6687.000000 0.00153296
6688.000000 0.00154103
6689.000000 0.00154909
6690.000000 0.00155716
6691.000000 0.00156519
6692.000000 0.00157322
6693.000000 0.00158124
6694.000000 0.00158927
6695.000000 0.00159729
6696.000000 0.00160531
6697.000000 0.00161334
6698.000000 0.00162136
6699.000000 0.00162937
6700.000000 0.00163739
6701.000000 0.00164543
6702.000000 0.00165346
6703.000000 0.0016615
6704.000000 0.00166953
6705.000000 0.00167756
6706.000000 0.00168559
6707.000000 0.00169362
6708.000000 0.00170165
6709.000000 0.00170968
6710.000000 0.0017177
6711.000000 0.00172571
6712.000000 0.00173371
6713.000000 0.00174172
6714.000000 0.00174972
6715.000000 0.00175772
6716.000000 0.00176572
6717.000000 0.00177372
6718.000000 0.00178172
6719.000000 0.00178972
6720.000000 0.00179771
6721.000000 0.00180571
6722.000000 0.00181371
6723.000000 0.00182172
6724.000000 0.00182972
6725.000000 0.00183772
6726.000000 0.00184572
6727.000000 0.00185371
6728.000000 0.0018617
6729.000000 0.0018697
6730.000000 0.00187769
6731.000000 0.00188567
6732.000000 0.00189365
6733.000000 0.00190163
6734.000000 0.0019096
6735.000000 0.00191757
6736.000000 0.00192555
6737.000000 0.00193352
6738.000000 0.00194148
6739.000000 0.00194946
6740.000000 0.00195742
6741.000000 0.00196541
6742.000000 0.00197339
6743.000000 0.00198137
6744.000000 0.00198935
6745.000000 0.00199734
6746.000000 0.00200531
6747.000000 0.00201329
6748.000000 0.00202127
6749.000000 0.00202924
6750.000000 0.00203721
6751.000000 0.00204516
6752.000000 0.00205312
6753.000000 0.00206106
6754.000000 0.00206901
6755.000000 0.00207695
6756.000000 0.0020849
6757.000000 0.00209284
6758.000000 0.00210078
6759.000000 0.00210872
6760.000000 0.00211665
6761.000000 0.00212458
6762.000000 0.0021325
6763.000000 0.00214042
6764.000000 0.00214834
6765.000000 0.00215626
6766.000000 0.00216417
6767.000000 0.00217209
6768.000000 0.00218001
6769.000000 0.00218792
6770.000000 0.00219583
6771.000000 0.00220376
6772.000000 0.00221169
6773.000000 0.00221961
6774.000000 0.00222754
6775.000000 0.00223546
6776.000000 0.00224339
6777.000000 0.00225131
6778.000000 0.00225923
6779.000000 0.00226715
6780.000000 0.00227507
6781.000000 0.00228298
6782.000000 0.00229089
6783.000000 0.00229881
6784.000000 0.00230671
6785.000000 0.00231462
6786.000000 0.00232253
6787.000000 0.00233043
6788.000000 0.00233833
6789.000000 0.00234623
6790.000000 0.00235414
6791.000000 0.00236202
6792.000000 0.00236991
6793.000000 0.00237779
6794.000000 0.00238567
6795.000000 0.00239355
6796.000000 0.00240142
6797.000000 0.0024093
6798.000000 0.00241718
6799.000000 0.00242505
6800.000000 0.00243292
6801.000000 0.00251002
6802.000000 0.00258708
6803.000000 0.00266412
6804.000000 0.00274114
6805.000000 0.00281812
6806.000000 0.0028951
6807.000000 0.00297204
6808.000000 0.00304895
6809.000000 0.00312584
6810.000000 0.00320271
6811.000000 0.00330426
6812.000000 0.00340579
6813.000000 0.00350728
6814.000000 0.00360875
6815.000000 0.00371018
6816.000000 0.00381159
6817.000000 0.00391297
6818.000000 0.00401432
6819.000000 0.00411564
6820.000000 0.00421692
6821.000000 0.00436337
6822.000000 0.00450978
6823.000000 0.00465613
6824.000000 0.00480244
6825.000000 0.00494871
6826.000000 0.00509492
6827.000000 0.00524108
6828.000000 0.0053872
6829.000000 0.00553328
6830.000000 0.0056793
6831.000000 0.0058508
6832.000000 0.00602225
6833.000000 0.00619366
6834.000000 0.00636501
6835.000000 0.00653633
6836.000000 0.00670757
6837.000000 0.00687878
6838.000000 0.00704993
6839.000000 0.00722103
6840.000000 0.00739209
6841.000000 0.00761387
6842.000000 0.00783559
6843.000000 0.00805722
6844.000000 0.00827882
6845.000000 0.00850032
6846.000000 0.00872179
6847.000000 0.00894318
6848.000000 0.00916449
6849.000000 0.00938573
6850.000000 0.00960693
6851.000000 0.00988426
6852.000000 0.0101615
6853.000000 0.0104386
6854.000000 0.0107157
6855.000000 0.0109926
6856.000000 0.0112694
6857.000000 0.0115462
6858.000000 0.0118229
6859.000000 0.0120995
6860.000000 0.012376
6861.000000 0.0127086
6862.000000 0.0130412
6863.000000 0.0133736
6864.000000 0.0137059
6865.000000 0.0140381
6866.000000 0.0143702
6867.000000 0.0147021
6868.000000 0.015034
6869.000000 0.0153658
6870.000000 0.0156974
6871.000000 0.0161557
6872.000000 0.0166138
6873.000000 0.0170718
6874.000000 0.0175297
6875.000000 0.0179874
6876.000000 0.018445
6877.000000 0.0189025
6878.000000 0.0193598
6879.000000 0.019817
6880.000000 0.0202741
6881.000000 0.0208316
6882.000000 0.021389
6883.000000 0.0219462
6884.000000 0.0225031
6885.000000 0.0230599
6886.000000 0.0236166
6887.000000 0.024173
6888.000000 0.0247293
6889.000000 0.0252854
6890.000000 0.0258413
6891.000000 0.0263604
6892.000000 0.0268792
6893.000000 0.0273979
6894.000000 0.0279164
6895.000000 0.0284348
6896.000000 0.0289529
6897.000000 0.0294708
6898.000000 0.0299887
6899.000000 0.0305063
6900.000000 0.0310237
6901.000000 0.0317736
6902.000000 0.0325233
6903.000000 0.0332727
6904.000000 0.0340219
6905.000000 0.034771
6906.000000 0.0355197
6907.000000 0.0362682
6908.000000 0.0370166
6909.000000 0.0377647
6910.000000 0.0385126
6911.000000 0.0391207
6912.000000 0.0397286
6913.000000 0.0403363
6914.000000 0.0409438
6915.000000 0.0415512
6916.000000 0.0421584
6917.000000 0.0427654
6918.000000 0.0433721
6919.000000 0.0439787
6920.000000 0.0445852
6921.000000 0.0454145
6922.000000 0.0462435
6923.000000 0.0470724
6924.000000 0.0479008
6925.000000 0.0487291
6926.000000 0.0495572
6927.000000 0.0503849
6928.000000 0.0512125
6929.000000 0.0520397
6930.000000 0.0528667
6931.000000 0.0537759
6932.000000 0.0546846
6933.000000 0.0555928
6934.000000 0.056501
6935.000000 0.0574088
6936.000000 0.0583162
6937.000000 0.0592234
6938.000000 0.0601301
6939.000000 0.0610366
6940.000000 0.0619428
6941.000000 0.0628494
6942.000000 0.0637555
6943.000000 0.0646614
6944.000000 0.0655671
6945.000000 0.0664723
6946.000000 0.0673773
6947.000000 0.0682819
6948.000000 0.0691865
6949.000000 0.0700905
6950.000000 0.0709942
6951.000000 0.0720647
6952.000000 0.0731349
6953.000000 0.0742046
6954.000000 0.0752742
6955.000000 0.0763433
6956.000000 0.077412
6957.000000 0.0784806
6958.000000 0.0795487
6959.000000 0.0806164
6960.000000 0.081684
6961.000000 0.0828908
6962.000000 0.0840973
6963.000000 0.0853034
6964.000000 0.086509
6965.000000 0.0877144
6966.000000 0.0889196
6967.000000 0.0901244
6968.000000 0.0913288
6969.000000 0.092533
6970.000000 0.0937368
6971.000000 0.0945771
6972.000000 0.0954171
6973.000000 0.0962567
6974.000000 0.097096
6975.000000 0.0979352
6976.000000 0.0987741
6977.000000 0.0996127
6978.000000 0.100451
6979.000000 0.101289
6980.000000 0.102126
6981.000000 0.10313
6982.000000 0.104133
6983.000000 0.105136
6984.000000 0.106138
6985.000000 0.10714
6986.000000 0.108142
6987.000000 0.109143
6988.000000 0.110144
6989.000000 0.111145
6990.000000 0.112146
6991.000000 0.11329
6992.000000 0.114434
6993.000000 0.115577
6994.000000 0.11672
6995.000000 0.117864
6996.000000 0.119007
6997.000000 0.120149
6998.000000 0.121291
6999.000000 0.122433
7000.000000 0.123575
7001.000000 0.124754
7002.000000 0.125932
7003.000000 0.127109
7004.000000 0.128286
7005.000000 0.129462
7006.000000 0.130638
7007.000000 0.131813
7008.000000 0.132987
7009.000000 0.134161
7010.000000 0.135334
7011.000000 0.136236
7012.000000 0.137137
7013.000000 0.138038
7014.000000 0.138938
7015.000000 0.139838
7016.000000 0.140737
7017.000000 0.141637
7018.000000 0.142535
7019.000000 0.143433
7020.000000 0.144331
7021.000000 0.145148
7022.000000 0.145964
7023.000000 0.14678
7024.000000 0.147596
7025.000000 0.148411
7026.000000 0.149226
7027.000000 0.15004
7028.000000 0.150854
7029.000000 0.151668
7030.000000 0.152481
7031.000000 0.153454
7032.000000 0.154427
7033.000000 0.155399
7034.000000 0.15637
7035.000000 0.157341
7036.000000 0.158311
7037.000000 0.159281
7038.000000 0.160251
7039.000000 0.16122
7040.000000 0.162188
7041.000000 0.162808
7042.000000 0.163428
7043.000000 0.164047
7044.000000 0.164666
7045.000000 0.165285
7046.000000 0.165903
7047.000000 0.166521
7048.000000 0.167139
7049.000000 0.167756
7050.000000 0.168374
7051.000000 0.169068
7052.000000 0.169762
7053.000000 0.170456
7054.000000 0.171148
7055.000000 0.171842
7056.000000 0.172534
7057.000000 0.173226
7058.000000 0.173918
7059.000000 0.17461
7060.000000 0.175301
7061.000000 0.176106
7062.000000 0.17691
7063.000000 0.177713
7064.000000 0.178516
7065.000000 0.17932
7066.000000 0.180122
7067.000000 0.180924
7068.000000 0.181726
7069.000000 0.182528
7070.000000 0.183329
7071.000000 0.183849
7072.000000 0.184368
7073.000000 0.184888
7074.000000 0.185406
7075.000000 0.185925
7076.000000 0.186443
7077.000000 0.186961
7078.000000 0.187478
7079.000000 0.187996
7080.000000 0.188513
7081.000000 0.189175
7082.000000 0.189835
7083.000000 0.190497
7084.000000 0.191157
7085.000000 0.191817
7086.000000 0.192477
7087.000000 0.193137
7088.000000 0.193797
7089.000000 0.194456
7090.000000 0.195114
7091.000000 0.195446
7092.000000 0.195778
7093.000000 0.19611
7094.000000 0.196442
7095.000000 0.196774
7096.000000 0.197105
7097.000000 0.197436
7098.000000 0.197767
7099.000000 0.198098
7100.000000 0.198428
7101.000000 0.199001
7102.000000 0.199572
7103.000000 0.200143
7104.000000 0.200713
7105.000000 0.201284
7106.000000 0.201855
7107.000000 0.202424
7108.000000 0.202994
7109.000000 0.203563
7110.000000 0.204133
7111.000000 0.204809
7112.000000 0.205485
7113.000000 0.206161
7114.000000 0.206836
7115.000000 0.207511
7116.000000 0.208185
7117.000000 0.20886
7118.000000 0.209534
7119.000000 0.210207
7120.000000 0.210881
7121.000000 0.210726
7122.000000 0.210572
7123.000000 0.210417
7124.000000 0.210263
7125.000000 0.210108
7126.000000 0.209954
7127.000000 0.2098
7128.000000 0.209645
7129.000000 0.209491
7130.000000 0.209337
7131.000000 0.209901
7132.000000 0.210465
7133.000000 0.211029
7134.000000 0.211592
7135.000000 0.212155
7136.000000 0.212718
7137.000000 0.213281
7138.000000 0.213843
7139.000000 0.214405
7140.000000 0.214967
7141.000000 0.215267
7142.000000 0.215566
7143.000000 0.215866
7144.000000 0.216165
7145.000000 0.216464
7146.000000 0.216763
7147.000000 0.217062
7148.000000 0.21736
7149.000000 0.217659
7150.000000 0.217957
7151.000000 0.218438
7152.000000 0.218918
7153.000000 0.219398
7154.000000 0.219878
7155.000000 0.220357
7156.000000 0.220836
7157.000000 0.221315
7158.000000 0.221793
7159.000000 0.222272
7160.000000 0.22275
7161.000000 0.222614
7162.000000 0.222479
7163.000000 0.222344
7164.000000 0.222208
7165.000000 0.222073
7166.000000 0.221938
7167.000000 0.221803
7168.000000 0.221667
7169.000000 0.221533
7170.000000 0.221397
7171.000000 0.221614
7172.000000 0.221829
7173.000000 0.222046
7174.000000 0.222261
7175.000000 0.222478
7176.000000 0.222693
7177.000000 0.222909
7178.000000 0.223125
7179.000000 0.22334
7180.000000 0.223555
7181.000000 0.223719
7182.000000 0.223883
7183.000000 0.224047
7184.000000 0.224211
7185.000000 0.224375
7186.000000 0.22454
7187.000000 0.224704
7188.000000 0.224869
7189.000000 0.225034
7190.000000 0.225199
7191.000000 0.225465
7192.000000 0.225729
7193.000000 0.225995
7194.000000 0.226259
7195.000000 0.226523
7196.000000 0.226789
7197.000000 0.227053
7198.000000 0.227317
7199.000000 0.227581
7200.000000 0.227845
7201.000000 0.228169
7202.000000 0.228494
7203.000000 0.228818
7204.000000 0.229142
7205.000000 0.229464
7206.000000 0.229789
7207.000000 0.230112
7208.000000 0.230434
7209.000000 0.230757
7210.000000 0.23108
7211.000000 0.231127
7212.000000 0.231174
7213.000000 0.231221
7214.000000 0.231268
7215.000000 0.231315
7216.000000 0.231362
7217.000000 0.231409
7218.000000 0.231456
7219.000000 0.231502
7220.000000 0.231549
7221.000000 0.231743
7222.000000 0.231935
7223.000000 0.232128
7224.000000 0.23232
7225.000000 0.232512
7226.000000 0.232705
7227.000000 0.232897
7228.000000 0.233089
7229.000000 0.23328
7230.000000 0.233472
7231.000000 0.233364
7232.000000 0.233256
7233.000000 0.233149
7234.000000 0.23304
7235.000000 0.232933
7236.000000 0.232825
7237.000000 0.232717
7238.000000 0.23261
7239.000000 0.232502
7240.000000 0.232394
7241.000000 0.232586
7242.000000 0.232778
7243.000000 0.232969
7244.000000 0.233161
7245.000000 0.233352
7246.000000 0.233542
7247.000000 0.233734
7248.000000 0.233925
7249.000000 0.234115
7250.000000 0.234306
7251.000000 0.234041
7252.000000 0.233776
7253.000000 0.233511
7254.000000 0.233247
7255.000000 0.232982
7256.000000 0.232717
7257.000000 0.232453
7258.000000 0.232189
7259.000000 0.231925
7260.000000 0.231661
7261.000000 0.231882
7262.000000 0.232102
7263.000000 0.232323
7264.000000 0.232544
7265.000000 0.232764
7266.000000 0.232984
7267.000000 0.233204
7268.000000 0.233424
7269.000000 0.233644
7270.000000 0.233863
7271.000000 0.233827
7272.000000 0.233791
7273.000000 0.233755
7274.000000 0.233719
7275.000000 0.233684
7276.000000 0.233647
7277.000000 0.233611
7278.000000 0.233575
7279.000000 0.233539
7280.000000 0.233504
7281.000000 0.233106
7282.000000 0.232708
7283.000000 0.23231
7284.000000 0.231913
7285.000000 0.231516
7286.000000 0.231119
7287.000000 0.230723
7288.000000 0.230326
7289.000000 0.22993
7290.000000 0.229534
7291.000000 0.229649
7292.000000 0.229764
7293.000000 0.229879
7294.000000 0.229994
7295.000000 0.230108
7296.000000 0.230222
7297.000000 0.230337
7298.000000 0.230452
7299.000000 0.230566
7300.000000 0.23068
7301.000000 0.231
7302.000000 0.231319
7303.000000 0.231639
7304.000000 0.231958
7305.000000 0.232277
7306.000000 0.232596
7307.000000 0.232914
7308.000000 0.233232
7309.000000 0.233551
7310.000000 0.233869
7311.000000 0.234034
7312.000000 0.2342
7313.000000 0.234365
7314.000000 0.23453
7315.000000 0.234695
7316.000000 0.23486
7317.000000 0.235025
7318.000000 0.235189
7319.000000 0.235354
7320.000000 0.235519
7321.000000 0.235327
7322.000000 0.235135
7323.000000 0.234943
7324.000000 0.234752
7325.000000 0.23456
7326.000000 0.234368
7327.000000 0.234177
7328.000000 0.233985
7329.000000 0.233795
7330.000000 0.233603
7331.000000 0.233269
7332.000000 0.232935
7333.000000 0.2326
7334.000000 0.232267
7335.000000 0.231934
7336.000000 0.2316
7337.000000 0.231267
7338.000000 0.230933
7339.000000 0.2306
7340.000000 0.230267
7341.000000 0.230608
7342.000000 0.230948
7343.000000 0.231287
7344.000000 0.231626
7345.000000 0.231966
7346.000000 0.232305
7347.000000 0.232644
7348.000000 0.232982
7349.000000 0.233321
7350.000000 0.233659
7351.000000 0.233622
7352.000000 0.233584
7353.000000 0.233547
7354.000000 0.233509
7355.000000 0.233472
7356.000000 0.233433
7357.000000 0.233396
7358.000000 0.233359
7359.000000 0.233321
7360.000000 0.233284
7361.000000 0.233062
7362.000000 0.23284
7363.000000 0.232618
7364.000000 0.232397
7365.000000 0.232175
7366.000000 0.231954
7367.000000 0.231733
7368.000000 0.231512
7369.000000 0.23129
7370.000000 0.23107
7371.000000 0.231385
7372.000000 0.231701
7373.000000 0.232016
7374.000000 0.232332
7375.000000 0.232646
7376.000000 0.232961
7377.000000 0.233275
7378.000000 0.23359
7379.000000 0.233904
7380.000000 0.234218
7381.000000 0.233931
7382.000000 0.233645
7383.000000 0.233358
7384.000000 0.233072
7385.000000 0.232785
7386.000000 0.232499
7387.000000 0.232213
7388.000000 0.231927
7389.000000 0.23164
7390.000000 0.231355
7391.000000 0.231341
7392.000000 0.231327
7393.000000 0.231313
7394.000000 0.231299
7395.000000 0.231285
7396.000000 0.231271
7397.000000 0.231258
7398.000000 0.231244
7399.000000 0.231229
7400.000000 0.231216
7401.000000 0.23129
7402.000000 0.231364
7403.000000 0.231439
7404.000000 0.231514
7405.000000 0.231588
7406.000000 0.231662
7407.000000 0.231736
7408.000000 0.23181
7409.000000 0.231885
7410.000000 0.231959
7411.000000 0.231611
7412.000000 0.231264
7413.000000 0.230916
7414.000000 0.230569
7415.000000 0.230222
7416.000000 0.229876
7417.000000 0.229529
7418.000000 0.229182
7419.000000 0.228836
7420.000000 0.22849
7421.000000 0.228309
7422.000000 0.228128
7423.000000 0.227946
7424.000000 0.227765
7425.000000 0.227584
7426.000000 0.227404
7427.000000 0.227222
7428.000000 0.227041
7429.000000 0.226861
7430.000000 0.22668
7431.000000 0.226682
7432.000000 0.226683
7433.000000 0.226684
7434.000000 0.226685
7435.000000 0.226686
7436.000000 0.226687
7437.000000 0.226688
7438.000000 0.226688
7439.000000 0.226689
7440.000000 0.22669
7441.000000 0.226391
7442.000000 0.226092
7443.000000 0.225793
7444.000000 0.225494
7445.000000 0.225196
7446.000000 0.224898
7447.000000 0.224599
7448.000000 0.224301
7449.000000 0.224003
7450.000000 0.223705
7451.000000 0.223734
7452.000000 0.223761
7453.000000 0.223789
7454.000000 0.223816
7455.000000 0.223844
7456.000000 0.223871
7457.000000 0.223899
7458.000000 0.223926
7459.000000 0.223953
7460.000000 0.22398
7461.000000 0.223854
7462.000000 0.223728
7463.000000 0.223601
7464.000000 0.223475
7465.000000 0.223349
7466.000000 0.223223
7467.000000 0.223096
7468.000000 0.22297
7469.000000 0.222844
7470.000000 0.222719
7471.000000 0.222691
7472.000000 0.222664
7473.000000 0.222638
7474.000000 0.222611
7475.000000 0.222584
7476.000000 0.222556
7477.000000 0.222529
7478.000000 0.222502
7479.000000 0.222475
7480.000000 0.222448
7481.000000 0.222421
7482.000000 0.222394
7483.000000 0.222366
7484.000000 0.222339
7485.000000 0.222311
7486.000000 0.222284
7487.000000 0.222257
7488.000000 0.222229
7489.000000 0.222201
7490.000000 0.222175
7491.000000 0.222228
7492.000000 0.222281
7493.000000 0.222334
7494.000000 0.222386
7495.000000 0.222439
7496.000000 0.222492
7497.000000 0.222545
7498.000000 0.222597
7499.000000 0.22265
7500.000000 0.222703
7501.000000 0.222601
7502.000000 0.222499
7503.000000 0.222398
7504.000000 0.222296
7505.000000 0.222195
7506.000000 0.222093
7507.000000 0.221992
7508.000000 0.22189
7509.000000 0.221789
7510.000000 0.221687
7511.000000 0.221781
7512.000000 0.221875
7513.000000 0.221968
7514.000000 0.222062
7515.000000 0.222155
7516.000000 0.222248
7517.000000 0.222342
7518.000000 0.222435
7519.000000 0.222528
7520.000000 0.222621
7521.000000 0.222814
7522.000000 0.223007
7523.000000 0.2232
7524.000000 0.223393
7525.000000 0.223585
7526.000000 0.223778
7527.000000 0.22397
7528.000000 0.224162
7529.000000 0.224354
7530.000000 0.224546
7531.000000 0.224474
7532.000000 0.224403
7533.000000 0.224331
7534.000000 0.22426
7535.000000 0.224189
7536.000000 0.224118
7537.000000 0.224046
7538.000000 0.223974
7539.000000 0.223903
7540.000000 0.223832
7541.000000 0.223823
7542.000000 0.223814
7543.000000 0.223805
7544.000000 0.223796
7545.000000 0.223787
7546.000000 0.223777
7547.000000 0.223768
7548.000000 0.22376
7549.000000 0.223751
7550.000000 0.223741
7551.000000 0.223553
7552.000000 0.223365
7553.000000 0.223177
7554.000000 0.222989
7555.000000 0.222802
7556.000000 0.222614
7557.000000 0.222427
7558.000000 0.222239
7559.000000 0.222052
7560.000000 0.221865
7561.000000 0.221842
7562.000000 0.221819
7563.000000 0.221796
7564.000000 0.221773
7565.000000 0.22175
7566.000000 0.221726
7567.000000 0.221704
7568.000000 0.22168
7569.000000 0.221658
7570.000000 0.221635
7571.000000 0.221608
7572.000000 0.221582
7573.000000 0.221555
7574.000000 0.221529
7575.000000 0.221502
7576.000000 0.221475
7577.000000 0.221449
7578.000000 0.221423
7579.000000 0.221396
7580.000000 0.22137
7581.000000 0.221184
7582.000000 0.221
7583.000000 0.220815
7584.000000 0.22063
7585.000000 0.220446
7586.000000 0.220261
7587.000000 0.220077
7588.000000 0.219893
7589.000000 0.219708
7590.000000 0.219524
7591.000000 0.219357
7592.000000 0.21919
7593.000000 0.219022
7594.000000 0.218855
7595.000000 0.218688
7596.000000 0.21852
7597.000000 0.218354
7598.000000 0.218187
7599.000000 0.21802
7600.000000 0.217853
7601.000000 0.21774
7602.000000 0.217627
7603.000000 0.217514
7604.000000 0.217401
7605.000000 0.217287
7606.000000 0.217174
7607.000000 0.217061
7608.000000 0.216948
7609.000000 0.216835
7610.000000 0.216722
7611.000000 0.216742
7612.000000 0.216762
7613.000000 0.216782
7614.000000 0.216802
7615.000000 0.216822
7616.000000 0.216841
7617.000000 0.216861
7618.000000 0.21688
7619.000000 0.2169
7620.000000 0.216918
7621.000000 0.216841
7622.000000 0.216763
7623.000000 0.216686
7624.000000 0.216608
7625.000000 0.216531
7626.000000 0.216454
7627.000000 0.216376
7628.000000 0.216299
7629.000000 0.216222
7630.000000 0.216144
7631.000000 0.215913
7632.000000 0.215684
7633.000000 0.215453
7634.000000 0.215224
7635.000000 0.214995
7636.000000 0.214765
7637.000000 0.214536
7638.000000 0.214307
7639.000000 0.214078
7640.000000 0.21385
7641.000000 0.213642
7642.000000 0.213437
7643.000000 0.21323
7644.000000 0.213024
7645.000000 0.212818
7646.000000 0.212613
7647.000000 0.212407
7648.000000 0.212203
7649.000000 0.211997
7650.000000 0.211792
7651.000000 0.211766
7652.000000 0.211742
7653.000000 0.211717
7654.000000 0.211691
7655.000000 0.211666
7656.000000 0.211642
7657.000000 0.211616
7658.000000 0.211591
7659.000000 0.211566
7660.000000 0.21154
7661.000000 0.211626
7662.000000 0.211713
7663.000000 0.2118
7664.000000 0.211885
7665.000000 0.211972
7666.000000 0.212058
7667.000000 0.212144
7668.000000 0.212229
7669.000000 0.212314
7670.000000 0.212399
7671.000000 0.212052
7672.000000 0.211704
7673.000000 0.211357
7674.000000 0.21101
7675.000000 0.210664
7676.000000 0.210317
7677.000000 0.209972
7678.000000 0.209627
7679.000000 0.209281
7680.000000 0.208936
7681.000000 0.208642
7682.000000 0.208349
7683.000000 0.208056
7684.000000 0.207763
7685.000000 0.20747
7686.000000 0.207178
7687.000000 0.206886
7688.000000 0.206593
7689.000000 0.206301
7690.000000 0.20601
7691.000000 0.205767
7692.000000 0.205526
7693.000000 0.205284
7694.000000 0.205042
7695.000000 0.2048
7696.000000 0.204559
7697.000000 0.204318
7698.000000 0.204077
7699.000000 0.203836
7700.000000 0.203595
7701.000000 0.203332
7702.000000 0.203069
7703.000000 0.202806
7704.000000 0.202544
7705.000000 0.202281
7706.000000 0.202019
7707.000000 0.201757
7708.000000 0.201495
7709.000000 0.201234
7710.000000 0.200972
7711.000000 0.20071
7712.000000 0.200449
7713.000000 0.200187
7714.000000 0.199925
7715.000000 0.199665
7716.000000 0.199403
7717.000000 0.199142
7718.000000 0.198881
7719.000000 0.198621
7720.000000 0.19836
7721.000000 0.198174
7722.000000 0.197989
7723.000000 0.197804
7724.000000 0.197619
7725.000000 0.197434
7726.000000 0.197248
7727.000000 0.197064
7728.000000 0.196879
7729.000000 0.196694
7730.000000 0.19651
7731.000000 0.196212
7732.000000 0.195915
7733.000000 0.195618
7734.000000 0.195321
7735.000000 0.195024
7736.000000 0.194727
7737.000000 0.194431
7738.000000 0.194135
7739.000000 0.19384
7740.000000 0.193544
7741.000000 0.193436
7742.000000 0.193326
7743.000000 0.193218
7744.000000 0.19311
7745.000000 0.193002
7746.000000 0.192893
7747.000000 0.192785
7748.000000 0.192677
7749.000000 0.192568
7750.000000 0.19246
7751.000000 0.192435
7752.000000 0.19241
7753.000000 0.192384
7754.000000 0.192358
7755.000000 0.192333
7756.000000 0.192307
7757.000000 0.192281
7758.000000 0.192256
7759.000000 0.19223
7760.000000 0.192204
7761.000000 0.192079
7762.000000 0.191952
7763.000000 0.191826
7764.000000 0.1917
7765.000000 0.191574
7766.000000 0.191449
7767.000000 0.191323
7768.000000 0.191198
7769.000000 0.191072
7770.000000 0.190947
7771.000000 0.190948
7772.000000 0.19095
7773.000000 0.190951
7774.000000 0.190952
7775.000000 0.190953
7776.000000 0.190954
7777.000000 0.190955
7778.000000 0.190956
7779.000000 0.190957
7780.000000 0.190958
7781.000000 0.191041
7782.000000 0.191125
7783.000000 0.191207
7784.000000 0.191291
7785.000000 0.191372
7786.000000 0.191455
7787.000000 0.191537
7788.000000 0.191619
7789.000000 0.191701
7790.000000 0.191783
7791.000000 0.191755
7792.000000 0.191726
7793.000000 0.191698
7794.000000 0.191669
7795.000000 0.191641
7796.000000 0.191612
7797.000000 0.191584
7798.000000 0.191555
7799.000000 0.191526
7800.000000 0.191497
7801.000000 0.191535
7802.000000 0.191573
7803.000000 0.191609
7804.000000 0.191646
7805.000000 0.191683
7806.000000 0.191719
7807.000000 0.191756
7808.000000 0.191792
7809.000000 0.191828
7810.000000 0.191864
7811.000000 0.191801
7812.000000 0.191737
7813.000000 0.191673
7814.000000 0.19161
7815.000000 0.191546
7816.000000 0.191482
7817.000000 0.191419
7818.000000 0.191355
7819.000000 0.191291
7820.000000 0.191227
7821.000000 0.191261
7822.000000 0.191296
7823.000000 0.19133
7824.000000 0.191364
7825.000000 0.191398
7826.000000 0.191432
7827.000000 0.191464
7828.000000 0.191498
7829.000000 0.191531
7830.000000 0.191564
7831.000000 0.19144
7832.000000 0.191316
7833.000000 0.191191
7834.000000 0.191067
7835.000000 0.190943
7836.000000 0.190818
7837.000000 0.190694
7838.000000 0.19057
7839.000000 0.190446
7840.000000 0.190321
7841.000000 0.190375
7842.000000 0.190428
7843.000000 0.190481
7844.000000 0.190533
7845.000000 0.190586
7846.000000 0.190638
7847.000000 0.19069
7848.000000 0.190742
7849.000000 0.190793
7850.000000 0.190844
7851.000000 0.190338
7852.000000 0.189832
7853.000000 0.189327
7854.000000 0.188823
7855.000000 0.188319
7856.000000 0.187815
7857.000000 0.187313
7858.000000 0.18681
7859.000000 0.186308
7860.000000 0.185807
7861.000000 0.185816
7862.000000 0.185825
7863.000000 0.185835
7864.000000 0.185844
7865.000000 0.185853
7866.000000 0.185861
7867.000000 0.185869
7868.000000 0.185878
7869.000000 0.185886
7870.000000 0.185894
7871.000000 0.18563
7872.000000 0.185365
7873.000000 0.185101
7874.000000 0.184837
7875.000000 0.184573
7876.000000 0.18431
7877.000000 0.184046
7878.000000 0.183784
7879.000000 0.18352
7880.000000 0.183258
7881.000000 0.183095
7882.000000 0.182933
7883.000000 0.18277
7884.000000 0.182607
7885.000000 0.182445
7886.000000 0.182283
7887.000000 0.182121
7888.000000 0.181958
7889.000000 0.181797
7890.000000 0.181635
7891.000000 0.181447
7892.000000 0.181259
7893.000000 0.181072
7894.000000 0.180884
7895.000000 0.180697
7896.000000 0.18051
7897.000000 0.180323
7898.000000 0.180135
7899.000000 0.179948
7900.000000 0.179762
7901.000000 0.179607
7902.000000 0.179452
7903.000000 0.179297
7904.000000 0.179142
7905.000000 0.178988
7906.000000 0.178833
7907.000000 0.178678
7908.000000 0.178524
7909.000000 0.17837
7910.000000 0.178215
7911.000000 0.178033
7912.000000 0.177851
7913.000000 0.17767
7914.000000 0.177488
7915.000000 0.177306
7916.000000 0.177125
7917.000000 0.176943
7918.000000 0.176762
7919.000000 0.176581
7920.000000 0.1764
7921.000000 0.176317
7922.000000 0.176232
7923.000000 0.176148
7924.000000 0.176065
7925.000000 0.175981
7926.000000 0.175897
7927.000000 0.175813
7928.000000 0.175729
7929.000000 0.175645
7930.000000 0.175561
7931.000000 0.175342
7932.000000 0.175122
7933.000000 0.174904
7934.000000 0.174684
7935.000000 0.174466
7936.000000 0.174248
7937.000000 0.174029
7938.000000 0.17381
7939.000000 0.173593
7940.000000 0.173375
7941.000000 0.173273
7942.000000 0.173171
7943.000000 0.173069
7944.000000 0.172967
7945.000000 0.172865
7946.000000 0.172763
7947.000000 0.172661
7948.000000 0.172559
7949.000000 0.172457
7950.000000 0.172355
7951.000000 0.172066
7952.000000 0.171777
7953.000000 0.171488
7954.000000 0.171199
7955.000000 0.170911
7956.000000 0.170623
7957.000000 0.170336
7958.000000 0.170048
7959.000000 0.169761
7960.000000 0.169474
7961.000000 0.169429
7962.000000 0.169384
7963.000000 0.169339
7964.000000 0.169294
7965.000000 0.169248
7966.000000 0.169203
7967.000000 0.169157
7968.000000 0.169112
7969.000000 0.169066
7970.000000 0.169019
7971.000000 0.168809
7972.000000 0.168598
7973.000000 0.168387
7974.000000 0.168177
7975.000000 0.167966
7976.000000 0.167756
7977.000000 0.167546
7978.000000 0.167336
7979.000000 0.167126
7980.000000 0.166917
7981.000000 0.166491
7982.000000 0.166065
7983.000000 0.165641
7984.000000 0.165216
7985.000000 0.164793
7986.000000 0.16437
7987.000000 0.163948
7988.000000 0.163527
7989.000000 0.163106
7990.000000 0.162687
7991.000000 0.162465
7992.000000 0.162244
7993.000000 0.162023
7994.000000 0.161803
7995.000000 0.161582
7996.000000 0.161361
7997.000000 0.161141
7998.000000 0.160921
7999.000000 0.160701
8000.000000 0.160482
8001.000000 0.160384
8002.000000 0.160286
8003.000000 0.160188
8004.000000 0.160091
8005.000000 0.159993
8006.000000 0.159896
8007.000000 0.159798
8008.000000 0.1597
8009.000000 0.159603
8010.000000 0.159505
8011.000000 0.159213
8012.000000 0.15892
8013.000000 0.158627
8014.000000 0.158335
8015.000000 0.158043
8016.000000 0.157751
8017.000000 0.15746
8018.000000 0.157169
8019.000000 0.156877
8020.000000 0.156586
8021.000000 0.156603
8022.000000 0.156621
8023.000000 0.156638
8024.000000 0.156654
8025.000000 0.156671
8026.000000 0.156688
8027.000000 0.156705
8028.000000 0.156721
8029.000000 0.156738
8030.000000 0.156754
8031.000000 0.156642
8032.000000 0.156529
8033.000000 0.156416
8034.000000 0.156304
8035.000000 0.156191
8036.000000 0.156078
8037.000000 0.155966
8038.000000 0.155854
8039.000000 0.155741
8040.000000 0.155629
8041.000000 0.155676
8042.000000 0.155723
8043.000000 0.155769
8044.000000 0.155816
8045.000000 0.155863
8046.000000 0.155909
8047.000000 0.155956
8048.000000 0.156002
8049.000000 0.156049
8050.000000 0.156095
8051.000000 0.156001
8052.000000 0.155907
8053.000000 0.155813
8054.000000 0.15572
8055.000000 0.155626
8056.000000 0.155533
8057.000000 0.15544
8058.000000 0.155346
8059.000000 0.155253
8060.000000 0.15516
8061.000000 0.155209
8062.000000 0.155258
8063.000000 0.155307
8064.000000 0.155355
8065.000000 0.155404
8066.000000 0.155452
8067.000000 0.1555
8068.000000 0.155548
8069.000000 0.155597
8070.000000 0.155644
8071.000000 0.155604
8072.000000 0.155563
8073.000000 0.155523
8074.000000 0.155481
8075.000000 0.15544
8076.000000 0.1554
8077.000000 0.155359
8078.000000 0.155318
8079.000000 0.155277
8080.000000 0.155236
8081.000000 0.15528
8082.000000 0.155324
8083.000000 0.155368
8084.000000 0.155411
8085.000000 0.155455
8086.000000 0.155499
8087.000000 0.155542
8088.000000 0.155586
8089.000000 0.155629
8090.000000 0.155672
8091.000000 0.155651
8092.000000 0.15563
8093.000000 0.155609
8094.000000 0.155588
8095.000000 0.155566
8096.000000 0.155544
8097.000000 0.155523
8098.000000 0.155502
8099.000000 0.15548
8100.000000 0.155459
8101.000000 0.155485
8102.000000 0.155512
8103.000000 0.155538
8104.000000 0.155564
8105.000000 0.15559
8106.000000 0.155616
8107.000000 0.155642
8108.000000 0.155668
8109.000000 0.155694
8110.000000 0.155719
8111.000000 0.155589
8112.000000 0.155459
8113.000000 0.155329
8114.000000 0.155199
8115.000000 0.155069
8116.000000 0.154939
8117.000000 0.154809
8118.000000 0.15468
8119.000000 0.15455
8120.000000 0.15442
8121.000000 0.154432
8122.000000 0.154442
8123.000000 0.154453
8124.000000 0.154465
8125.000000 0.154475
8126.000000 0.154486
8127.000000 0.154497
8128.000000 0.154507
8129.000000 0.154518
8130.000000 0.154528
8131.000000 0.154414
8132.000000 0.154301
8133.000000 0.154187
8134.000000 0.154073
8135.000000 0.153958
8136.000000 0.153845
8137.000000 0.153731
8138.000000 0.153617
8139.000000 0.153504
8140.000000 0.15339
8141.000000 0.153316
8142.000000 0.153242
8143.000000 0.153168
8144.000000 0.153094
8145.000000 0.15302
8146.000000 0.152946
8147.000000 0.152872
8148.000000 0.152798
8149.000000 0.152724
8150.000000 0.15265
8151.000000 0.152522
8152.000000 0.152395
8153.000000 0.152268
8154.000000 0.15214
8155.000000 0.152012
8156.000000 0.151885
8157.000000 0.151758
8158.000000 0.15163
8159.000000 0.151504
8160.000000 0.151376
8161.000000 0.151485
8162.000000 0.151594
8163.000000 0.151703
8164.000000 0.151811
8165.000000 0.15192
8166.000000 0.152028
8167.000000 0.152136
8168.000000 0.152243
8169.000000 0.152351
8170.000000 0.152459
8171.000000 0.152269
8172.000000 0.152078
8173.000000 0.151889
8174.000000 0.151699
8175.000000 0.15151
8176.000000 0.15132
8177.000000 0.151131
8178.000000 0.150941
8179.000000 0.150752
8180.000000 0.150564
8181.000000 0.150568
8182.000000 0.150573
8183.000000 0.150578
8184.000000 0.150582
8185.000000 0.150587
8186.000000 0.150591
8187.000000 0.150596
8188.000000 0.1506
8189.000000 0.150605
8190.000000 0.150609
8191.000000 0.150499
8192.000000 0.15039
8193.000000 0.150282
8194.000000 0.150173
8195.000000 0.150063
8196.000000 0.149955
8197.000000 0.149846
8198.000000 0.149737
8199.000000 0.149628
8200.000000 0.14952
8201.000000 0.149633
8202.000000 0.149747
8203.000000 0.14986
8204.000000 0.149973
8205.000000 0.150087
8206.000000 0.1502
8207.000000 0.150313
8208.000000 0.150426
8209.000000 0.150539
8210.000000 0.150652
8211.000000 0.150509
8212.000000 0.150365
8213.000000 0.150223
8214.000000 0.15008
8215.000000 0.149936
8216.000000 0.149793
8217.000000 0.14965
8218.000000 0.149508
8219.000000 0.149365
8220.000000 0.149222
8221.000000 0.149236
8222.000000 0.14925
8223.000000 0.149263
8224.000000 0.149277
8225.000000 0.14929
8226.000000 0.149305
8227.000000 0.149318
8228.000000 0.149331
8229.000000 0.149345
8230.000000 0.149358
8231.000000 0.149149
8232.000000 0.14894
8233.000000 0.14873
8234.000000 0.148521
8235.000000 0.148312
8236.000000 0.148103
8237.000000 0.147894
8238.000000 0.147685
8239.000000 0.147476
8240.000000 0.147267
8241.000000 0.146993
8242.000000 0.14672
8243.000000 0.146446
8244.000000 0.146174
8245.000000 0.1459
8246.000000 0.145627
8247.000000 0.145354
8248.000000 0.145082
8249.000000 0.144809
8250.000000 0.144536
8251.000000 0.144604
8252.000000 0.144672
8253.000000 0.144741
8254.000000 0.144809
8255.000000 0.144877
8256.000000 0.144945
8257.000000 0.145013
8258.000000 0.145081
8259.000000 0.145149
8260.000000 0.145217
8261.000000 0.145136
8262.000000 0.145056
8263.000000 0.144975
8264.000000 0.144895
8265.000000 0.144815
8266.000000 0.144735
8267.000000 0.144654
8268.000000 0.144574
8269.000000 0.144494
8270.000000 0.144413
8271.000000 0.144241
8272.000000 0.144068
8273.000000 0.143895
8274.000000 0.143722
8275.000000 0.143549
8276.000000 0.143377
8277.000000 0.143205
8278.000000 0.143032
8279.000000 0.14286
8280.000000 0.142688
8281.000000 0.142528
8282.000000 0.142368
8283.000000 0.142209
8284.000000 0.142049
8285.000000 0.14189
8286.000000 0.141731
8287.000000 0.141572
8288.000000 0.141412
8289.000000 0.141253
8290.000000 0.141094
8291.000000 0.140857
8292.000000 0.140618
8293.000000 0.140381
8294.000000 0.140144
8295.000000 0.139906
8296.000000 0.139669
8297.000000 0.139431
8298.000000 0.139194
8299.000000 0.138957
8300.000000 0.13872
8301.000000 0.138847
8302.000000 0.138973
8303.000000 0.1391
8304.000000 0.139226
8305.000000 0.139352
8306.000000 0.139479
8307.000000 0.139605
8308.000000 0.139731
8309.000000 0.139857
8310.000000 0.139983
8311.000000 0.139717
8312.000000 0.139451
8313.000000 0.139185
8314.000000 0.13892
8315.000000 0.138655
8316.000000 0.138389
8317.000000 0.138124
8318.000000 0.137858
8319.000000 0.137593
8320.000000 0.137328
8321.000000 0.137394
8322.000000 0.13746
8323.000000 0.137527
8324.000000 0.137593
8325.000000 0.137659
8326.000000 0.137725
8327.000000 0.137791
8328.000000 0.137857
8329.000000 0.137924
8330.000000 0.13799
8331.000000 0.137735
8332.000000 0.13748
8333.000000 0.137225
8334.000000 0.13697
8335.000000 0.136716
8336.000000 0.136461
8337.000000 0.136206
8338.000000 0.135952
8339.000000 0.135698
8340.000000 0.135443
8341.000000 0.135526
8342.000000 0.135609
8343.000000 0.135691
8344.000000 0.135773
8345.000000 0.135856
8346.000000 0.135938
8347.000000 0.13602
8348.000000 0.136102
8349.000000 0.136185
8350.000000 0.136267
8351.000000 0.136191
8352.000000 0.136114
8353.000000 0.136038
8354.000000 0.135962
8355.000000 0.135886
8356.000000 0.13581
8357.000000 0.135734
8358.000000 0.135657
8359.000000 0.135582
8360.000000 0.135505
8361.000000 0.135319
8362.000000 0.135133
8363.000000 0.134947
8364.000000 0.134761
8365.000000 0.134576
8366.000000 0.13439
8367.000000 0.134204
8368.000000 0.134018
8369.000000 0.133833
8370.000000 0.133647
8371.000000 0.133775
8372.000000 0.133901
8373.000000 0.134028
8374.000000 0.134155
8375.000000 0.134282
8376.000000 0.134408
8377.000000 0.134534
8378.000000 0.134661
8379.000000 0.134788
8380.000000 0.134914
8381.000000 0.134929
8382.000000 0.134944
8383.000000 0.134959
8384.000000 0.134974
8385.000000 0.134989
8386.000000 0.135004
8387.000000 0.135019
8388.000000 0.135034
8389.000000 0.135049
8390.000000 0.135063
8391.000000 0.135051
8392.000000 0.135038
8393.000000 0.135024
8394.000000 0.135012
8395.000000 0.134999
8396.000000 0.134986
8397.000000 0.134973
8398.000000 0.13496
8399.000000 0.134947
8400.000000 0.134934
8401.000000 0.134973
8402.000000 0.135013
8403.000000 0.135052
8404.000000 0.135091
8405.000000 0.135131
8406.000000 0.13517
8407.000000 0.13521
8408.000000 0.135249
8409.000000 0.135288
8410.000000 0.135327
8411.000000 0.13538
8412.000000 0.135433
8413.000000 0.135486
8414.000000 0.135538
8415.000000 0.135591
8416.000000 0.135644
8417.000000 0.135697
8418.000000 0.13575
8419.000000 0.135802
8420.000000 0.135855
8421.000000 0.135706
8422.000000 0.135558
8423.000000 0.13541
8424.000000 0.135261
8425.000000 0.135113
8426.000000 0.134965
8427.000000 0.134817
8428.000000 0.134669
8429.000000 0.134521
8430.000000 0.134373
8431.000000 0.134238
8432.000000 0.134103
8433.000000 0.133968
8434.000000 0.133833
8435.000000 0.133698
8436.000000 0.133564
8437.000000 0.133429
8438.000000 0.133294
8439.000000 0.133159
8440.000000 0.133025
8441.000000 0.132833
8442.000000 0.132642
8443.000000 0.132451
8444.000000 0.13226
8445.000000 0.132068
8446.000000 0.131877
8447.000000 0.131687
8448.000000 0.131496
8449.000000 0.131305
8450.000000 0.131114
8451.000000 0.130827
8452.000000 0.13054
8453.000000 0.130255
8454.000000 0.129967
8455.000000 0.129681
8456.000000 0.129395
8457.000000 0.129109
8458.000000 0.128823
8459.000000 0.128537
8460.000000 0.128251
8461.000000 0.128059
8462.000000 0.127866
8463.000000 0.127674
8464.000000 0.127481
8465.000000 0.127289
8466.000000 0.127097
8467.000000 0.126904
8468.000000 0.126712
8469.000000 0.12652
8470.000000 0.126328
8471.000000 0.126076
8472.000000 0.125824
8473.000000 0.125572
8474.000000 0.125321
8475.000000 0.125069
8476.000000 0.124818
8477.000000 0.124566
8478.000000 0.124314
8479.000000 0.124063
8480.000000 0.123812
8481.000000 0.12348
8482.000000 0.123148
8483.000000 0.122816
8484.000000 0.122485
8485.000000 0.122153
8486.000000 0.121822
8487.000000 0.121491
8488.000000 0.12116
8489.000000 0.120829
8490.000000 0.120498
8491.000000 0.119911
8492.000000 0.119325
8493.000000 0.118738
8494.000000 0.118152
8495.000000 0.117566
8496.000000 0.11698
8497.000000 0.116395
8498.000000 0.115809
8499.000000 0.115224
8500.000000 0.114639
8501.000000 0.113913
8502.000000 0.113188
8503.000000 0.112464
8504.000000 0.111739
8505.000000 0.111014
8506.000000 0.110291
8507.000000 0.109567
8508.000000 0.108843
8509.000000 0.10812
8510.000000 0.107397
8511.000000 0.106247
8512.000000 0.105098
8513.000000 0.103949
8514.000000 0.1028
8515.000000 0.101652
8516.000000 0.100504
8517.000000 0.099357
8518.000000 0.0982099
8519.000000 0.0970633
8520.000000 0.0959172
8521.000000 0.0944518
8522.000000 0.0929868
8523.000000 0.0915224
8524.000000 0.0900583
8525.000000 0.0885951
8526.000000 0.0871319
8527.000000 0.0856696
8528.000000 0.0842075
8529.000000 0.0827466
8530.000000 0.0812854
8531.000000 0.0795971
8532.000000 0.0779092
8533.000000 0.0762221
8534.000000 0.0745356
8535.000000 0.0728493
8536.000000 0.0711641
8537.000000 0.0694791
8538.000000 0.067795
8539.000000 0.0661112
8540.000000 0.0644282
8541.000000 0.0626849
8542.000000 0.0609423
8543.000000 0.0592001
8544.000000 0.0574587
8545.000000 0.0557177
8546.000000 0.0539775
8547.000000 0.052238
8548.000000 0.0504989
8549.000000 0.0487605
8550.000000 0.0470225
8551.000000 0.0454975
8552.000000 0.043973
8553.000000 0.0424489
8554.000000 0.0409256
8555.000000 0.0394025
8556.000000 0.0378802
8557.000000 0.0363584
8558.000000 0.0348372
8559.000000 0.0333166
8560.000000 0.0317963
8561.000000 0.0307008
8562.000000 0.0296058
8563.000000 0.0285111
8564.000000 0.0274168
8565.000000 0.0263228
8566.000000 0.0252292
8567.000000 0.024136
8568.000000 0.0230431
8569.000000 0.0219507
8570.000000 0.0208585
8571.000000 0.0200813
8572.000000 0.0193043
8573.000000 0.0185275
8574.000000 0.017751
8575.000000 0.0169748
8576.000000 0.0161988
8577.000000 0.0154231
8578.000000 0.0146476
8579.000000 0.0138724
8580.000000 0.0130975
8581.000000 0.0126544
8582.000000 0.0122115
8583.000000 0.0117687
8584.000000 0.0113261
8585.000000 0.0108837
8586.000000 0.0104415
8587.000000 0.00999938
8588.000000 0.00955745
8589.000000 0.00911575
8590.000000 0.00867421
8591.000000 0.00838364
8592.000000 0.00809317
8593.000000 0.00780278
8594.000000 0.0075125
8595.000000 0.00722233
8596.000000 0.00693225
8597.000000 0.00664227
8598.000000 0.00635237
8599.000000 0.00606256
8600.000000 0.00577291
8601.000000 0.00559236
8602.000000 0.00541181
8603.000000 0.00523129
8604.000000 0.00505077
8605.000000 0.00487025
8606.000000 0.00468977
8607.000000 0.00450927
8608.000000 0.00432877
8609.000000 0.00414829
8610.000000 0.00396784
8611.000000 0.00385362
8612.000000 0.00373941
8613.000000 0.00362519
8614.000000 0.00351097
8615.000000 0.00339675
8616.000000 0.00328253
8617.000000 0.0031683
8618.000000 0.00305407
8619.000000 0.00293985
8620.000000 0.00282563
8621.000000 0.00274743
8622.000000 0.00266923
8623.000000 0.00259105
8624.000000 0.00251286
8625.000000 0.00243466
8626.000000 0.00235648
8627.000000 0.00227829
8628.000000 0.00220012
8629.000000 0.00212193
8630.000000 0.00204376
8631.000000 0.00198811
8632.000000 0.00193248
8633.000000 0.00187684
8634.000000 0.0018212
8635.000000 0.00176557
8636.000000 0.00170994
8637.000000 0.00165431
8638.000000 0.00159868
8639.000000 0.00154305
8640.000000 0.00148742
8641.000000 0.00144715
8642.000000 0.00140686
8643.000000 0.00136658
8644.000000 0.00132631
8645.000000 0.00128602
8646.000000 0.00124575
8647.000000 0.00120546
8648.000000 0.00116519
8649.000000 0.0011249
8650.000000 0.00108464
8651.000000 0.00105577
8652.000000 0.00102691
8653.000000 0.000998047
8654.000000 0.00096919
8655.000000 0.000940329
8656.000000 0.000911474
8657.000000 0.000882615
8658.000000 0.000853759
8659.000000 0.000824904
8660.000000 0.000796044
8661.000000 0.000775904
8662.000000 0.000755763
8663.000000 0.000735622
8664.000000 0.000715479
8665.000000 0.00069534
8666.000000 0.000675201
8667.000000 0.00065506
8668.000000 0.000634923
8669.000000 0.000614786
8670.000000 0.000594649
8671.000000 0.000586376
8672.000000 0.000578102
8673.000000 0.00056983
8674.000000 0.000561558
8675.000000 0.000553286
8676.000000 0.000545015
8677.000000 0.000536742
8678.000000 0.000528471
8679.000000 0.0005202
8680.000000 0.000511929
8681.000000 0.000503654
8682.000000 0.00049538
8683.000000 0.000487105
8684.000000 0.000478832
8685.000000 0.000470559
8686.000000 0.000462285
8687.000000 0.000454014
8688.000000 0.000445742
8689.000000 0.00043747
8690.000000 0.0004292
8691.000000 0.000420928
8692.000000 0.000412654
8693.000000 0.000404383
8694.000000 0.000396112
8695.000000 0.000387843
8696.000000 0.000379573
8697.000000 0.000371304
8698.000000 0.000363036
8699.000000 0.000354767
8700.000000 0.000346501
8701.000000 0.00033824
8702.000000 0.000329982
8703.000000 0.000321722
8704.000000 0.000313464
8705.000000 0.000305205
8706.000000 0.000296948
8707.000000 0.000288689
8708.000000 0.000280433
8709.000000 0.000272177
8710.000000 0.00026392
8711.000000 0.000259215
8712.000000 0.00025451
8713.000000 0.000249805
8714.000000 0.000245101
8715.000000 0.000240396
8716.000000 0.00023569
8717.000000 0.000230987
8718.000000 0.000226282
8719.000000 0.000221578
8720.000000 0.000216873
8721.000000 0.00021216
8722.000000 0.000207446
8723.000000 0.000202733
8724.000000 0.00019802
8725.000000 0.00019331
8726.000000 0.000188598
8727.000000 0.000183888
8728.000000 0.000179177
8729.000000 0.000174468
8730.000000 0.000169759
8731.000000 0.000165056
8732.000000 0.000160354
8733.000000 0.000155652
8734.000000 0.00015095
8735.000000 0.000146249
8736.000000 0.000141547
8737.000000 0.000136846
8738.000000 0.000132145
8739.000000 0.000127445
8740.000000 0.000122745
8741.000000 0.000118042
8742.000000 0.00011334
8743.000000 0.000108639
8744.000000 0.000103938
8745.000000 9.92378e-05
8746.000000 9.45378e-05
8747.000000 8.98383e-05
8748.000000 8.51398e-05
8749.000000 8.04414e-05
8750.000000 7.57438e-05
8751.000000 7.44154e-05
8752.000000 7.3087e-05
8753.000000 7.17588e-05
8754.000000 7.04308e-05
8755.000000 6.9103e-05
8756.000000 6.7775e-05
8757.000000 6.64475e-05
8758.000000 6.51197e-05
8759.000000 6.3792e-05
8760.000000 6.24645e-05
8761.000000 6.11368e-05
8762.000000 5.98089e-05
8763.000000 5.8481e-05
8764.000000 5.71538e-05
8765.000000 5.58261e-05
8766.000000 5.4499e-05
8767.000000 5.31718e-05
8768.000000 5.1845e-05
8769.000000 5.05182e-05
8770.000000 4.91916e-05
8771.000000 4.78655e-05
