4569.000000 5.80662e-05
4570.000000 6.41138e-05
4571.000000 7.01653e-05
4572.000000 7.62208e-05
4573.000000 8.22801e-05
4574.000000 8.83435e-05
4575.000000 9.44108e-05
4576.000000 0.000100482
4577.000000 0.000106557
4578.000000 0.000112636
4579.000000 0.000118719
4580.000000 0.000124806
4581.000000 0.000130896
4582.000000 0.00013699
4583.000000 0.000143087
4584.000000 0.000149188
4585.000000 0.000155293
4586.000000 0.000161402
4587.000000 0.000167515
4588.000000 0.000173632
4589.000000 0.000179752
4590.000000 0.000185876
4591.000000 0.000192001
4592.000000 0.000198129
4593.000000 0.000204261
4594.000000 0.000210396
4595.000000 0.000216535
4596.000000 0.000222678
4597.000000 0.000228824
4598.000000 0.000234974
4599.000000 0.000241127
4600.000000 0.000247284
4601.000000 0.000310036
4602.000000 0.000372824
4603.000000 0.000435649
4604.000000 0.00049851
4605.000000 0.000561408
4606.000000 0.000624342
4607.000000 0.000687313
4608.000000 0.000750317
4609.000000 0.000813365
4610.000000 0.000876443
4611.000000 0.000939559
4612.000000 0.00100271
4613.000000 0.00106591
4614.000000 0.00112913
4615.000000 0.0011924
4616.000000 0.0012557
4617.000000 0.00131904
4618.000000 0.00138241
4619.000000 0.00144582
4620.000000 0.00150927
4621.000000 0.00173263
4622.000000 0.00195612
4623.000000 0.00217972
4624.000000 0.00240346
4625.000000 0.00262731
4626.000000 0.00285128
4627.000000 0.00307537
4628.000000 0.0032996
4629.000000 0.00352394
4630.000000 0.0037484
4631.000000 0.00384436
4632.000000 0.00394037
4633.000000 0.00403643
4634.000000 0.00413255
4635.000000 0.00422871
4636.000000 0.00432492
4637.000000 0.00442119
4638.000000 0.00451749
4639.000000 0.00461388
4640.000000 0.00471028
4641.000000 0.00521965
4642.000000 0.00572926
4643.000000 0.00623917
4644.000000 0.00674936
4645.000000 0.00725981
4646.000000 0.00777055
4647.000000 0.00828156
4648.000000 0.00879283
4649.000000 0.0093044
4650.000000 0.00981624
4651.000000 0.0113459
4652.000000 0.0128762
4653.000000 0.0144075
4654.000000 0.0159396
4655.000000 0.0174726
4656.000000 0.0190063
4657.000000 0.0205409
4658.000000 0.0220764
4659.000000 0.0236126
4660.000000 0.0251498
4661.000000 0.0254894
4662.000000 0.0258293
4663.000000 0.0261693
4664.000000 0.0265094
4665.000000 0.0268499
4666.000000 0.0271906
4667.000000 0.0275313
4668.000000 0.0278724
4669.000000 0.0282136
4670.000000 0.028555
4671.000000 0.0287761
4672.000000 0.0289974
4673.000000 0.0292187
4674.000000 0.0294401
4675.000000 0.0296617
4676.000000 0.0298832
4677.000000 0.030105
4678.000000 0.0303269
4679.000000 0.0305487
4680.000000 0.0307708
4681.000000 0.0336513
4682.000000 0.0365333
4683.000000 0.039417
4684.000000 0.0423022
4685.000000 0.0451889
4686.000000 0.0480775
4687.000000 0.0509674
4688.000000 0.0538591
4689.000000 0.0567522
4690.000000 0.059647
4691.000000 0.0613809
4692.000000 0.0631158
4693.000000 0.0648517
4694.000000 0.0665886
4695.000000 0.0683267
4696.000000 0.0700653
4697.000000 0.0718052
4698.000000 0.0735462
4699.000000 0.0752879
4700.000000 0.0770307
4701.000000 0.0755822
4702.000000 0.0741331
4703.000000 0.072683
4704.000000 0.0712323
4705.000000 0.0697806
4706.000000 0.0683284
4707.000000 0.0668753
4708.000000 0.0654216
4709.000000 0.0639669
4710.000000 0.0625114
4711.000000 0.0639391
4712.000000 0.0653675
4713.000000 0.0667967
4714.000000 0.0682264
4715.000000 0.0696573
4716.000000 0.0710887
4717.000000 0.072521
4718.000000 0.0739539
4719.000000 0.0753876
4720.000000 0.0768222
4721.000000 0.0811575
4722.000000 0.0854953
4723.000000 0.0898356
4724.000000 0.0941782
4725.000000 0.098523
4726.000000 0.10287
4727.000000 0.10722
4728.000000 0.111572
4729.000000 0.115926
4730.000000 0.120283
4731.000000 0.120124
4732.000000 0.119965
4733.000000 0.119806
4734.000000 0.119646
4735.000000 0.119487
4736.000000 0.119328
4737.000000 0.119168
4738.000000 0.119009
4739.000000 0.118849
4740.000000 0.118689
4741.000000 0.116844
4742.000000 0.114998
4743.000000 0.113151
4744.000000 0.111302
4745.000000 0.109453
4746.000000 0.107603
4747.000000 0.105752
4748.000000 0.103899
4749.000000 0.102046
4750.000000 0.100192
4751.000000 0.10266
4752.000000 0.105129
4753.000000 0.107599
4754.000000 0.110071
4755.000000 0.112544
4756.000000 0.115018
4757.000000 0.117494
4758.000000 0.119971
4759.000000 0.122449
4760.000000 0.124929
4761.000000 0.129976
4762.000000 0.135026
4763.000000 0.140079
4764.000000 0.145135
4765.000000 0.150193
4766.000000 0.155254
4767.000000 0.160318
4768.000000 0.165384
4769.000000 0.170454
4770.000000 0.175526
4771.000000 0.174499
4772.000000 0.173472
4773.000000 0.172446
4774.000000 0.171417
4775.000000 0.170389
4776.000000 0.16936
4777.000000 0.16833
4778.000000 0.167301
4779.000000 0.16627
4780.000000 0.165239
4781.000000 0.162692
4782.000000 0.160143
4783.000000 0.157594
4784.000000 0.155042
4785.000000 0.15249
4786.000000 0.149936
4787.000000 0.147381
4788.000000 0.144825
4789.000000 0.142267
4790.000000 0.139708
4791.000000 0.141988
4792.000000 0.144269
4793.000000 0.146551
4794.000000 0.148835
4795.000000 0.15112
4796.000000 0.153405
4797.000000 0.155693
4798.000000 0.157981
4799.000000 0.160271
4800.000000 0.162562
4801.000000 0.166813
4802.000000 0.171066
4803.000000 0.175321
4804.000000 0.179578
4805.000000 0.183837
4806.000000 0.188098
4807.000000 0.19236
4808.000000 0.196625
4809.000000 0.200892
4810.000000 0.205161
4811.000000 0.204645
4812.000000 0.204129
4813.000000 0.203613
4814.000000 0.203096
4815.000000 0.20258
4816.000000 0.202063
4817.000000 0.201545
4818.000000 0.201029
4819.000000 0.200511
4820.000000 0.199994
4821.000000 0.200382
4822.000000 0.200771
4823.000000 0.20116
4824.000000 0.201549
4825.000000 0.201939
4826.000000 0.202328
4827.000000 0.202718
4828.000000 0.203108
4829.000000 0.203498
4830.000000 0.203889
4831.000000 0.205234
4832.000000 0.206579
4833.000000 0.207926
4834.000000 0.209273
4835.000000 0.21062
4836.000000 0.211968
4837.000000 0.213317
4838.000000 0.214667
4839.000000 0.216017
4840.000000 0.217367
4841.000000 0.218304
4842.000000 0.219241
4843.000000 0.220179
4844.000000 0.221116
4845.000000 0.222056
4846.000000 0.222994
4847.000000 0.223933
4848.000000 0.224873
4849.000000 0.225813
4850.000000 0.226754
4851.000000 0.226463
4852.000000 0.226173
4853.000000 0.225883
4854.000000 0.225593
4855.000000 0.225303
4856.000000 0.225012
4857.000000 0.224721
4858.000000 0.22443
4859.000000 0.224139
4860.000000 0.223847
4861.000000 0.224182
4862.000000 0.224518
4863.000000 0.224854
4864.000000 0.225189
4865.000000 0.225525
4866.000000 0.225862
4867.000000 0.226198
4868.000000 0.226534
4869.000000 0.22687
4870.000000 0.227207
4871.000000 0.22776
4872.000000 0.228313
4873.000000 0.228867
4874.000000 0.22942
4875.000000 0.229975
4876.000000 0.230529
4877.000000 0.231084
4878.000000 0.231638
4879.000000 0.232193
4880.000000 0.232748
4881.000000 0.230739
4882.000000 0.228728
4883.000000 0.226717
4884.000000 0.224704
4885.000000 0.222691
4886.000000 0.220677
4887.000000 0.218662
4888.000000 0.216647
4889.000000 0.21463
4890.000000 0.212612
4891.000000 0.211255
4892.000000 0.209897
4893.000000 0.208539
4894.000000 0.20718
4895.000000 0.205821
4896.000000 0.20446
4897.000000 0.2031
4898.000000 0.201738
4899.000000 0.200376
4900.000000 0.199014
4901.000000 0.198994
4902.000000 0.198974
4903.000000 0.198953
4904.000000 0.198933
4905.000000 0.198912
4906.000000 0.198893
4907.000000 0.198872
4908.000000 0.198851
4909.000000 0.198831
4910.000000 0.198811
4911.000000 0.19947
4912.000000 0.200128
4913.000000 0.200787
4914.000000 0.201446
4915.000000 0.202106
4916.000000 0.202766
4917.000000 0.203426
4918.000000 0.204087
4919.000000 0.204748
4920.000000 0.205409
4921.000000 0.206769
4922.000000 0.20813
4923.000000 0.209491
4924.000000 0.210852
4925.000000 0.212215
4926.000000 0.213577
4927.000000 0.21494
4928.000000 0.216304
4929.000000 0.217669
4930.000000 0.219034
4931.000000 0.22061
4932.000000 0.222187
4933.000000 0.223765
4934.000000 0.225344
4935.000000 0.226923
4936.000000 0.228502
4937.000000 0.230082
4938.000000 0.231663
4939.000000 0.233243
4940.000000 0.234825
4941.000000 0.23551
4942.000000 0.236194
4943.000000 0.23688
4944.000000 0.237565
4945.000000 0.23825
4946.000000 0.238935
4947.000000 0.239621
4948.000000 0.240308
4949.000000 0.240994
4950.000000 0.24168
4951.000000 0.240639
4952.000000 0.239597
4953.000000 0.238555
4954.000000 0.237513
4955.000000 0.23647
4956.000000 0.235426
4957.000000 0.234382
4958.000000 0.233338
4959.000000 0.232293
4960.000000 0.231248
4961.000000 0.229707
4962.000000 0.228166
4963.000000 0.226624
4964.000000 0.225082
4965.000000 0.223539
4966.000000 0.221994
4967.000000 0.22045
4968.000000 0.218904
4969.000000 0.217358
4970.000000 0.215811
4971.000000 0.216516
4972.000000 0.217222
4973.000000 0.217928
4974.000000 0.218634
4975.000000 0.21934
4976.000000 0.220047
4977.000000 0.220754
4978.000000 0.221461
4979.000000 0.222169
4980.000000 0.222875
4981.000000 0.224616
4982.000000 0.226359
4983.000000 0.228101
4984.000000 0.229845
4985.000000 0.231589
4986.000000 0.233334
4987.000000 0.235079
4988.000000 0.236824
4989.000000 0.238571
4990.000000 0.240318
4991.000000 0.241007
4992.000000 0.241697
4993.000000 0.242387
4994.000000 0.243076
4995.000000 0.243766
4996.000000 0.244457
4997.000000 0.245148
4998.000000 0.245838
4999.000000 0.246529
5000.000000 0.247221
5001.000000 0.247689
5002.000000 0.248158
5003.000000 0.248626
5004.000000 0.249094
5005.000000 0.249563
5006.000000 0.250032
5007.000000 0.2505
5008.000000 0.250969
5009.000000 0.251438
5010.000000 0.251906
5011.000000 0.251266
5012.000000 0.250625
5013.000000 0.249984
5014.000000 0.249343
5015.000000 0.248702
5016.000000 0.248059
5017.000000 0.247417
5018.000000 0.246775
5019.000000 0.246133
5020.000000 0.245491
5021.000000 0.244038
5022.000000 0.242585
5023.000000 0.241132
5024.000000 0.239679
5025.000000 0.238224
5026.000000 0.23677
5027.000000 0.235315
5028.000000 0.23386
5029.000000 0.232404
5030.000000 0.230948
5031.000000 0.229291
5032.000000 0.227634
5033.000000 0.225975
5034.000000 0.224317
5035.000000 0.222658
5036.000000 0.220999
5037.000000 0.219339
5038.000000 0.217679
5039.000000 0.216018
5040.000000 0.214357
5041.000000 0.213787
5042.000000 0.213217
5043.000000 0.212646
5044.000000 0.212076
5045.000000 0.211505
5046.000000 0.210934
5047.000000 0.210363
5048.000000 0.209791
5049.000000 0.20922
5050.000000 0.208648
5051.000000 0.208734
5052.000000 0.208819
5053.000000 0.208906
5054.000000 0.208991
5055.000000 0.209077
5056.000000 0.209163
5057.000000 0.209248
5058.000000 0.209334
5059.000000 0.209419
5060.000000 0.209505
5061.000000 0.212151
5062.000000 0.214797
5063.000000 0.217445
5064.000000 0.220092
5065.000000 0.222741
5066.000000 0.22539
5067.000000 0.22804
5068.000000 0.23069
5069.000000 0.23334
5070.000000 0.235992
5071.000000 0.236294
5072.000000 0.236596
5073.000000 0.236898
5074.000000 0.237201
5075.000000 0.237503
5076.000000 0.237805
5077.000000 0.238107
5078.000000 0.23841
5079.000000 0.238712
5080.000000 0.239015
5081.000000 0.240108
5082.000000 0.241202
5083.000000 0.242296
5084.000000 0.243389
5085.000000 0.244482
5086.000000 0.245577
5087.000000 0.246671
5088.000000 0.247766
5089.000000 0.24886
5090.000000 0.249955
5091.000000 0.248134
5092.000000 0.246313
5093.000000 0.24449
5094.000000 0.242668
5095.000000 0.240845
5096.000000 0.239021
5097.000000 0.237198
5098.000000 0.235374
5099.000000 0.233549
5100.000000 0.231724
5101.000000 0.231856
5102.000000 0.231989
5103.000000 0.232121
5104.000000 0.232254
5105.000000 0.232386
5106.000000 0.232519
5107.000000 0.232651
5108.000000 0.232784
5109.000000 0.232916
5110.000000 0.233049
5111.000000 0.232852
5112.000000 0.232656
5113.000000 0.232458
5114.000000 0.232261
5115.000000 0.232064
5116.000000 0.231866
5117.000000 0.231669
5118.000000 0.231472
5119.000000 0.231274
5120.000000 0.231076
5121.000000 0.231206
5122.000000 0.231336
5123.000000 0.231467
5124.000000 0.231596
5125.000000 0.231727
5126.000000 0.231856
5127.000000 0.231987
5128.000000 0.232117
5129.000000 0.232247
5130.000000 0.232377
5131.000000 0.233409
5132.000000 0.234442
5133.000000 0.235475
5134.000000 0.236508
5135.000000 0.237542
5136.000000 0.238576
5137.000000 0.23961
5138.000000 0.240644
5139.000000 0.241679
5140.000000 0.242714
5141.000000 0.242969
5142.000000 0.243225
5143.000000 0.24348
5144.000000 0.243734
5145.000000 0.24399
5146.000000 0.244245
5147.000000 0.2445
5148.000000 0.244755
5149.000000 0.245011
5150.000000 0.245265
5151.000000 0.246308
5152.000000 0.247352
5153.000000 0.248396
5154.000000 0.24944
5155.000000 0.250483
5156.000000 0.251527
5157.000000 0.252572
5158.000000 0.253615
5159.000000 0.25466
5160.000000 0.255705
5161.000000 0.254344
5162.000000 0.252983
5163.000000 0.251622
5164.000000 0.25026
5165.000000 0.248898
5166.000000 0.247536
5167.000000 0.246173
5168.000000 0.24481
5169.000000 0.243448
5170.000000 0.242084
5171.000000 0.242056
5172.000000 0.242029
5173.000000 0.242001
5174.000000 0.241973
5175.000000 0.241945
5176.000000 0.241917
5177.000000 0.241889
5178.000000 0.241861
5179.000000 0.241833
5180.000000 0.241805
5181.000000 0.241128
5182.000000 0.240451
5183.000000 0.239773
5184.000000 0.239096
5185.000000 0.238418
5186.000000 0.237739
5187.000000 0.237062
5188.000000 0.236383
5189.000000 0.235704
5190.000000 0.235025
5191.000000 0.237879
5192.000000 0.240733
5193.000000 0.243588
5194.000000 0.246444
5195.000000 0.249299
5196.000000 0.252155
5197.000000 0.255012
5198.000000 0.257868
5199.000000 0.260726
5200.000000 0.263584
5201.000000 0.261896
5202.000000 0.260209
5203.000000 0.258521
5204.000000 0.256832
5205.000000 0.255144
5206.000000 0.253455
5207.000000 0.251766
5208.000000 0.250077
5209.000000 0.248387
5210.000000 0.246697
5211.000000 0.247276
5212.000000 0.247854
5213.000000 0.248433
5214.000000 0.249011
5215.000000 0.249591
5216.000000 0.250169
5217.000000 0.250747
5218.000000 0.251326
5219.000000 0.251905
5220.000000 0.252484
5221.000000 0.249842
5222.000000 0.247199
5223.000000 0.244556
5224.000000 0.241912
5225.000000 0.239269
5226.000000 0.236625
5227.000000 0.23398
5228.000000 0.231336
5229.000000 0.228691
5230.000000 0.226046
5231.000000 0.225642
5232.000000 0.225238
5233.000000 0.224835
5234.000000 0.224431
5235.000000 0.224027
5236.000000 0.223623
5237.000000 0.22322
5238.000000 0.222816
5239.000000 0.222411
5240.000000 0.222007
5241.000000 0.224517
5242.000000 0.227028
5243.000000 0.229538
5244.000000 0.232049
5245.000000 0.23456
5246.000000 0.237072
5247.000000 0.239584
5248.000000 0.242096
5249.000000 0.244608
5250.000000 0.247121
5251.000000 0.245495
5252.000000 0.24387
5253.000000 0.242244
5254.000000 0.240618
5255.000000 0.238992
5256.000000 0.237365
5257.000000 0.235738
5258.000000 0.234112
5259.000000 0.232484
5260.000000 0.230857
5261.000000 0.232873
5262.000000 0.234889
5263.000000 0.236905
5264.000000 0.238921
5265.000000 0.240937
5266.000000 0.242953
5267.000000 0.24497
5268.000000 0.246987
5269.000000 0.249003
5270.000000 0.25102
5271.000000 0.250174
5272.000000 0.249328
5273.000000 0.248481
5274.000000 0.247635
5275.000000 0.246789
5276.000000 0.245942
5277.000000 0.245094
5278.000000 0.244247
5279.000000 0.2434
5280.000000 0.242552
5281.000000 0.244173
5282.000000 0.245795
5283.000000 0.247415
5284.000000 0.249037
5285.000000 0.25066
5286.000000 0.252281
5287.000000 0.253903
5288.000000 0.255525
5289.000000 0.257148
5290.000000 0.25877
5291.000000 0.257722
5292.000000 0.256674
5293.000000 0.255625
5294.000000 0.254576
5295.000000 0.253526
5296.000000 0.252477
5297.000000 0.251428
5298.000000 0.250379
5299.000000 0.249329
5300.000000 0.248279
5301.000000 0.247717
5302.000000 0.247153
5303.000000 0.24659
5304.000000 0.246026
5305.000000 0.245463
5306.000000 0.244899
5307.000000 0.244335
5308.000000 0.243772
5309.000000 0.243208
5310.000000 0.242644
5311.000000 0.241277
5312.000000 0.239909
5313.000000 0.238541
5314.000000 0.237173
5315.000000 0.235806
5316.000000 0.234438
5317.000000 0.233069
5318.000000 0.231701
5319.000000 0.230332
5320.000000 0.228963
5321.000000 0.231256
5322.000000 0.233548
5323.000000 0.235842
5324.000000 0.238136
5325.000000 0.240429
5326.000000 0.242723
5327.000000 0.245016
5328.000000 0.247311
5329.000000 0.249605
5330.000000 0.251899
5331.000000 0.250359
5332.000000 0.248819
5333.000000 0.247278
5334.000000 0.245738
5335.000000 0.244197
5336.000000 0.242656
5337.000000 0.241115
5338.000000 0.239574
5339.000000 0.238033
5340.000000 0.236491
5341.000000 0.239004
5342.000000 0.241516
5343.000000 0.244028
5344.000000 0.246541
5345.000000 0.249054
5346.000000 0.251567
5347.000000 0.25408
5348.000000 0.256593
5349.000000 0.259106
5350.000000 0.261619
5351.000000 0.261001
5352.000000 0.260382
5353.000000 0.259762
5354.000000 0.259142
5355.000000 0.258524
5356.000000 0.257904
5357.000000 0.257284
5358.000000 0.256664
5359.000000 0.256044
5360.000000 0.255425
5361.000000 0.255116
5362.000000 0.254807
5363.000000 0.254499
5364.000000 0.25419
5365.000000 0.253881
5366.000000 0.253573
5367.000000 0.253264
5368.000000 0.252955
5369.000000 0.252647
5370.000000 0.252337
5371.000000 0.252437
5372.000000 0.252536
5373.000000 0.252635
5374.000000 0.252734
5375.000000 0.252833
5376.000000 0.252932
5377.000000 0.253031
5378.000000 0.25313
5379.000000 0.253229
5380.000000 0.253329
5381.000000 0.252561
5382.000000 0.251794
5383.000000 0.251028
5384.000000 0.250261
5385.000000 0.249494
5386.000000 0.248727
5387.000000 0.24796
5388.000000 0.247192
5389.000000 0.246425
5390.000000 0.245657
5391.000000 0.244011
5392.000000 0.242366
5393.000000 0.24072
5394.000000 0.239074
5395.000000 0.237428
5396.000000 0.235781
5397.000000 0.234135
5398.000000 0.232489
5399.000000 0.230842
5400.000000 0.229194
5401.000000 0.228868
5402.000000 0.228543
5403.000000 0.228217
5404.000000 0.227891
5405.000000 0.227565
5406.000000 0.227239
5407.000000 0.226914
5408.000000 0.226588
5409.000000 0.226262
5410.000000 0.225936
5411.000000 0.227273
5412.000000 0.22861
5413.000000 0.229947
5414.000000 0.231284
5415.000000 0.232622
5416.000000 0.233959
5417.000000 0.235296
5418.000000 0.236633
5419.000000 0.237971
5420.000000 0.239309
5421.000000 0.240387
5422.000000 0.241466
5423.000000 0.242545
5424.000000 0.243624
5425.000000 0.244703
5426.000000 0.245783
5427.000000 0.246861
5428.000000 0.247941
5429.000000 0.24902
5430.000000 0.2501
5431.000000 0.250926
5432.000000 0.251752
5433.000000 0.252577
5434.000000 0.253404
5435.000000 0.25423
5436.000000 0.255057
5437.000000 0.255883
5438.000000 0.25671
5439.000000 0.257537
5440.000000 0.258363
5441.000000 0.259101
5442.000000 0.259839
5443.000000 0.260576
5444.000000 0.261314
5445.000000 0.262052
5446.000000 0.26279
5447.000000 0.263529
5448.000000 0.264267
5449.000000 0.265006
5450.000000 0.265744
5451.000000 0.265402
5452.000000 0.265059
5453.000000 0.264717
5454.000000 0.264374
5455.000000 0.264032
5456.000000 0.263689
5457.000000 0.263347
5458.000000 0.263004
5459.000000 0.262662
5460.000000 0.26232
5461.000000 0.262416
5462.000000 0.262511
5463.000000 0.262608
5464.000000 0.262704
5465.000000 0.2628
5466.000000 0.262896
5467.000000 0.262992
5468.000000 0.263089
5469.000000 0.263185
5470.000000 0.263282
5471.000000 0.263714
5472.000000 0.264145
5473.000000 0.264577
5474.000000 0.26501
5475.000000 0.265442
5476.000000 0.265874
5477.000000 0.266307
5478.000000 0.26674
5479.000000 0.267172
5480.000000 0.267605
5481.000000 0.267313
5482.000000 0.267021
5483.000000 0.26673
5484.000000 0.266438
5485.000000 0.266146
5486.000000 0.265854
5487.000000 0.265563
5488.000000 0.265271
5489.000000 0.264979
5490.000000 0.264688
5491.000000 0.26449
5492.000000 0.264293
5493.000000 0.264095
5494.000000 0.263898
5495.000000 0.2637
5496.000000 0.263503
5497.000000 0.263305
5498.000000 0.263108
5499.000000 0.26291
5500.000000 0.262712
5501.000000 0.261331
5502.000000 0.259949
5503.000000 0.258568
5504.000000 0.257185
5505.000000 0.255803
5506.000000 0.254421
5507.000000 0.253039
5508.000000 0.251656
5509.000000 0.250274
5510.000000 0.24889
5511.000000 0.249188
5512.000000 0.249484
5513.000000 0.249781
5514.000000 0.250078
5515.000000 0.250374
5516.000000 0.250672
5517.000000 0.250968
5518.000000 0.251266
5519.000000 0.251563
5520.000000 0.25186
5521.000000 0.252298
5522.000000 0.252737
5523.000000 0.253175
5524.000000 0.253615
5525.000000 0.254054
5526.000000 0.254493
5527.000000 0.254933
5528.000000 0.255372
5529.000000 0.255811
5530.000000 0.256251
5531.000000 0.256665
5532.000000 0.25708
5533.000000 0.257494
5534.000000 0.257909
5535.000000 0.258324
5536.000000 0.258739
5537.000000 0.259154
5538.000000 0.259569
5539.000000 0.259984
5540.000000 0.260399
5541.000000 0.260765
5542.000000 0.26113
5543.000000 0.261497
5544.000000 0.261862
5545.000000 0.262229
5546.000000 0.262595
5547.000000 0.262961
5548.000000 0.263327
5549.000000 0.263694
5550.000000 0.26406
5551.000000 0.263262
5552.000000 0.262463
5553.000000 0.261664
5554.000000 0.260865
5555.000000 0.260066
5556.000000 0.259267
5557.000000 0.258468
5558.000000 0.257669
5559.000000 0.25687
5560.000000 0.256071
5561.000000 0.25669
5562.000000 0.257311
5563.000000 0.25793
5564.000000 0.25855
5565.000000 0.259169
5566.000000 0.259789
5567.000000 0.260409
5568.000000 0.261029
5569.000000 0.261649
5570.000000 0.26227
5571.000000 0.262468
5572.000000 0.262666
5573.000000 0.262864
5574.000000 0.263063
5575.000000 0.263261
5576.000000 0.26346
5577.000000 0.263659
5578.000000 0.263857
5579.000000 0.264056
5580.000000 0.264255
5581.000000 0.263926
5582.000000 0.263598
5583.000000 0.263269
5584.000000 0.26294
5585.000000 0.262611
5586.000000 0.262282
5587.000000 0.261954
5588.000000 0.261626
5589.000000 0.261296
5590.000000 0.260968
5591.000000 0.260721
5592.000000 0.260473
5593.000000 0.260227
5594.000000 0.25998
5595.000000 0.259733
5596.000000 0.259485
5597.000000 0.259238
5598.000000 0.258991
5599.000000 0.258744
5600.000000 0.258497
5601.000000 0.257343
5602.000000 0.256189
5603.000000 0.255034
5604.000000 0.25388
5605.000000 0.252726
5606.000000 0.251572
5607.000000 0.250418
5608.000000 0.249264
5609.000000 0.248109
5610.000000 0.246955
5611.000000 0.246953
5612.000000 0.246952
5613.000000 0.246951
5614.000000 0.246949
5615.000000 0.246948
5616.000000 0.246947
5617.000000 0.246945
5618.000000 0.246944
5619.000000 0.246943
5620.000000 0.246942
5621.000000 0.247892
5622.000000 0.248841
5623.000000 0.249791
5624.000000 0.250741
5625.000000 0.25169
5626.000000 0.25264
5627.000000 0.25359
5628.000000 0.25454
5629.000000 0.25549
5630.000000 0.25644
5631.000000 0.257176
5632.000000 0.25791
5633.000000 0.258646
5634.000000 0.259381
5635.000000 0.260116
5636.000000 0.260852
5637.000000 0.261587
5638.000000 0.262322
5639.000000 0.263058
5640.000000 0.263793
5641.000000 0.263862
5642.000000 0.26393
5643.000000 0.263999
5644.000000 0.264068
5645.000000 0.264136
5646.000000 0.264206
5647.000000 0.264274
5648.000000 0.264343
5649.000000 0.264411
5650.000000 0.26448
5651.000000 0.263942
5652.000000 0.263404
5653.000000 0.262866
5654.000000 0.262327
5655.000000 0.261789
5656.000000 0.261251
5657.000000 0.260713
5658.000000 0.260175
5659.000000 0.259637
5660.000000 0.259098
5661.000000 0.258523
5662.000000 0.257948
5663.000000 0.257371
5664.000000 0.256796
5665.000000 0.256221
5666.000000 0.255645
5667.000000 0.255069
5668.000000 0.254494
5669.000000 0.253918
5670.000000 0.253342
5671.000000 0.253374
5672.000000 0.253407
5673.000000 0.25344
5674.000000 0.253472
5675.000000 0.253505
5676.000000 0.253537
5677.000000 0.25357
5678.000000 0.253602
5679.000000 0.253635
5680.000000 0.253667
5681.000000 0.254048
5682.000000 0.254429
5683.000000 0.254808
5684.000000 0.255189
5685.000000 0.25557
5686.000000 0.25595
5687.000000 0.256331
5688.000000 0.256711
5689.000000 0.257092
5690.000000 0.257472
5691.000000 0.258019
5692.000000 0.258565
5693.000000 0.259112
5694.000000 0.259658
5695.000000 0.260205
5696.000000 0.260752
5697.000000 0.261298
5698.000000 0.261844
5699.000000 0.262392
5700.000000 0.262938
5701.000000 0.26312
5702.000000 0.263301
5703.000000 0.263483
5704.000000 0.263663
5705.000000 0.263845
5706.000000 0.264028
5707.000000 0.264209
5708.000000 0.264391
5709.000000 0.264572
5710.000000 0.264754
5711.000000 0.264189
5712.000000 0.263623
5713.000000 0.263058
5714.000000 0.262493
5715.000000 0.261927
5716.000000 0.261362
5717.000000 0.260797
5718.000000 0.260232
5719.000000 0.259666
5720.000000 0.2591
5721.000000 0.25908
5722.000000 0.259058
5723.000000 0.259037
5724.000000 0.259016
5725.000000 0.258995
5726.000000 0.258973
5727.000000 0.258953
5728.000000 0.258931
5729.000000 0.25891
5730.000000 0.258889
5731.000000 0.259465
5732.000000 0.260041
5733.000000 0.260616
5734.000000 0.261192
5735.000000 0.261768
5736.000000 0.262344
5737.000000 0.262921
5738.000000 0.263496
5739.000000 0.264073
5740.000000 0.264648
5741.000000 0.262938
5742.000000 0.261227
5743.000000 0.259517
5744.000000 0.257805
5745.000000 0.256094
5746.000000 0.254384
5747.000000 0.252673
5748.000000 0.250962
5749.000000 0.249251
5750.000000 0.247539
5751.000000 0.247443
5752.000000 0.247344
5753.000000 0.247248
5754.000000 0.247151
5755.000000 0.247053
5756.000000 0.246955
5757.000000 0.246858
5758.000000 0.246761
5759.000000 0.246663
5760.000000 0.246566
5761.000000 0.24639
5762.000000 0.246213
5763.000000 0.246037
5764.000000 0.245861
5765.000000 0.245684
5766.000000 0.245507
5767.000000 0.245332
5768.000000 0.245155
5769.000000 0.244979
5770.000000 0.244802
5771.000000 0.245093
5772.000000 0.245383
5773.000000 0.245675
5774.000000 0.245965
5775.000000 0.246255
5776.000000 0.246547
5777.000000 0.246838
5778.000000 0.247129
5779.000000 0.24742
5780.000000 0.247711
5781.000000 0.248376
5782.000000 0.24904
5783.000000 0.249705
5784.000000 0.250369
5785.000000 0.251035
5786.000000 0.251699
5787.000000 0.252364
5788.000000 0.25303
5789.000000 0.253694
5790.000000 0.254359
5791.000000 0.255178
5792.000000 0.255998
5793.000000 0.256817
5794.000000 0.257637
5795.000000 0.258457
5796.000000 0.259276
5797.000000 0.260096
5798.000000 0.260916
5799.000000 0.261735
5800.000000 0.262555
5801.000000 0.262978
5802.000000 0.2634
5803.000000 0.263823
5804.000000 0.264245
5805.000000 0.264668
5806.000000 0.26509
5807.000000 0.265513
5808.000000 0.265935
5809.000000 0.266358
5810.000000 0.266781
5811.000000 0.266907
5812.000000 0.267032
5813.000000 0.267159
5814.000000 0.267284
5815.000000 0.26741
5816.000000 0.267536
5817.000000 0.267662
5818.000000 0.267787
5819.000000 0.267914
5820.000000 0.268039
5821.000000 0.267315
5822.000000 0.26659
5823.000000 0.265865
5824.000000 0.26514
5825.000000 0.264415
5826.000000 0.26369
5827.000000 0.262965
5828.000000 0.26224
5829.000000 0.261515
5830.000000 0.26079
5831.000000 0.26073
5832.000000 0.26067
5833.000000 0.260611
5834.000000 0.26055
5835.000000 0.26049
5836.000000 0.26043
5837.000000 0.26037
5838.000000 0.26031
5839.000000 0.260251
5840.000000 0.260191
5841.000000 0.259437
5842.000000 0.258684
5843.000000 0.25793
5844.000000 0.257177
5845.000000 0.256423
5846.000000 0.25567
5847.000000 0.254915
5848.000000 0.254162
5849.000000 0.253408
5850.000000 0.252654
5851.000000 0.253707
5852.000000 0.25476
5853.000000 0.255813
5854.000000 0.256867
5855.000000 0.25792
5856.000000 0.258973
5857.000000 0.260027
5858.000000 0.261081
5859.000000 0.262135
5860.000000 0.263188
5861.000000 0.262983
5862.000000 0.262778
5863.000000 0.262572
5864.000000 0.262366
5865.000000 0.262161
5866.000000 0.261955
5867.000000 0.26175
5868.000000 0.261544
5869.000000 0.261338
5870.000000 0.261133
5871.000000 0.261113
5872.000000 0.261094
5873.000000 0.261076
5874.000000 0.261057
5875.000000 0.261038
5876.000000 0.261018
5877.000000 0.260999
5878.000000 0.26098
5879.000000 0.260962
5880.000000 0.260943
5881.000000 0.26022
5882.000000 0.259497
5883.000000 0.258774
5884.000000 0.258051
5885.000000 0.257328
5886.000000 0.256606
5887.000000 0.255883
5888.000000 0.255159
5889.000000 0.254437
5890.000000 0.253714
5891.000000 0.255466
5892.000000 0.25722
5893.000000 0.258974
5894.000000 0.260728
5895.000000 0.262482
5896.000000 0.264236
5897.000000 0.265991
5898.000000 0.267746
5899.000000 0.2695
5900.000000 0.271255
5901.000000 0.270046
5902.000000 0.268836
5903.000000 0.267626
5904.000000 0.266416
5905.000000 0.265207
5906.000000 0.263997
5907.000000 0.262787
5908.000000 0.261576
5909.000000 0.260367
5910.000000 0.259157
5911.000000 0.26033
5912.000000 0.261505
5913.000000 0.26268
5914.000000 0.263854
5915.000000 0.265029
5916.000000 0.266204
5917.000000 0.267379
5918.000000 0.268555
5919.000000 0.269729
5920.000000 0.270905
5921.000000 0.270261
5922.000000 0.269619
5923.000000 0.268976
5924.000000 0.268332
5925.000000 0.267689
5926.000000 0.267045
5927.000000 0.266401
5928.000000 0.265757
5929.000000 0.265114
5930.000000 0.26447
5931.000000 0.263594
5932.000000 0.262718
5933.000000 0.261842
5934.000000 0.260965
5935.000000 0.26009
5936.000000 0.259213
5937.000000 0.258338
5938.000000 0.257462
5939.000000 0.256585
5940.000000 0.255709
5941.000000 0.254316
5942.000000 0.252923
5943.000000 0.25153
5944.000000 0.250137
5945.000000 0.248744
5946.000000 0.247351
5947.000000 0.245957
5948.000000 0.244564
5949.000000 0.24317
5950.000000 0.241776
5951.000000 0.243459
5952.000000 0.245142
5953.000000 0.246826
5954.000000 0.248509
5955.000000 0.250193
5956.000000 0.251877
5957.000000 0.253561
5958.000000 0.255245
5959.000000 0.256929
5960.000000 0.258614
5961.000000 0.257973
5962.000000 0.257331
5963.000000 0.256689
5964.000000 0.256047
5965.000000 0.255405
5966.000000 0.254763
5967.000000 0.254121
5968.000000 0.253479
5969.000000 0.252837
5970.000000 0.252194
5971.000000 0.252506
5972.000000 0.252816
5973.000000 0.253127
5974.000000 0.253439
5975.000000 0.253749
5976.000000 0.25406
5977.000000 0.254371
5978.000000 0.254683
5979.000000 0.254994
5980.000000 0.255305
5981.000000 0.255239
5982.000000 0.255174
5983.000000 0.255108
5984.000000 0.255041
5985.000000 0.254974
5986.000000 0.254907
5987.000000 0.25484
5988.000000 0.254773
5989.000000 0.254704
5990.000000 0.254637
5991.000000 0.254493
5992.000000 0.254349
5993.000000 0.254205
5994.000000 0.254061
5995.000000 0.253917
5996.000000 0.253773
5997.000000 0.25363
5998.000000 0.253486
5999.000000 0.253342
6000.000000 0.253198
6001.000000 0.253498
6002.000000 0.253798
6003.000000 0.254098
6004.000000 0.254399
6005.000000 0.254699
6006.000000 0.254999
6007.000000 0.255299
6008.000000 0.255599
6009.000000 0.2559
6010.000000 0.256201
6011.000000 0.256317
6012.000000 0.256433
6013.000000 0.25655
6014.000000 0.256666
6015.000000 0.256783
6016.000000 0.2569
6017.000000 0.257017
6018.000000 0.257134
6019.000000 0.257251
6020.000000 0.257367
6021.000000 0.257476
6022.000000 0.257585
6023.000000 0.257694
6024.000000 0.257803
6025.000000 0.257911
6026.000000 0.25802
6027.000000 0.258129
6028.000000 0.258238
6029.000000 0.258346
6030.000000 0.258455
6031.000000 0.258517
6032.000000 0.258579
6033.000000 0.25864
6034.000000 0.258702
6035.000000 0.258763
6036.000000 0.258825
6037.000000 0.258887
6038.000000 0.258948
6039.000000 0.25901
6040.000000 0.259072
6041.000000 0.259742
6042.000000 0.260413
6043.000000 0.261084
6044.000000 0.261754
6045.000000 0.262425
6046.000000 0.263096
6047.000000 0.263767
6048.000000 0.264437
6049.000000 0.265109
6050.000000 0.265779
6051.000000 0.265568
6052.000000 0.265358
6053.000000 0.265146
6054.000000 0.264935
6055.000000 0.264725
6056.000000 0.264514
6057.000000 0.264303
6058.000000 0.264092
6059.000000 0.26388
6060.000000 0.26367
6061.000000 0.26323
6062.000000 0.262791
6063.000000 0.262351
6064.000000 0.261912
6065.000000 0.261472
6066.000000 0.261033
6067.000000 0.260594
6068.000000 0.260154
6069.000000 0.259715
6070.000000 0.259275
6071.000000 0.258855
6072.000000 0.258435
6073.000000 0.258015
6074.000000 0.257594
6075.000000 0.257175
6076.000000 0.256754
6077.000000 0.256334
6078.000000 0.255914
6079.000000 0.255494
6080.000000 0.255073
6081.000000 0.255757
6082.000000 0.25644
6083.000000 0.257123
6084.000000 0.257806
6085.000000 0.25849
6086.000000 0.259173
6087.000000 0.259857
6088.000000 0.260539
6089.000000 0.261224
6090.000000 0.261907
6091.000000 0.262334
6092.000000 0.262761
6093.000000 0.263188
6094.000000 0.263615
6095.000000 0.264042
6096.000000 0.26447
6097.000000 0.264897
6098.000000 0.265325
6099.000000 0.265751
6100.000000 0.266179
6101.000000 0.265676
6102.000000 0.265173
6103.000000 0.26467
6104.000000 0.264167
6105.000000 0.263664
6106.000000 0.263161
6107.000000 0.262657
6108.000000 0.262154
6109.000000 0.261651
6110.000000 0.261148
6111.000000 0.261612
6112.000000 0.262076
6113.000000 0.26254
6114.000000 0.263005
6115.000000 0.263468
6116.000000 0.263932
6117.000000 0.264397
6118.000000 0.264861
6119.000000 0.265325
6120.000000 0.265789
6121.000000 0.265767
6122.000000 0.265746
6123.000000 0.265724
6124.000000 0.265702
6125.000000 0.26568
6126.000000 0.265658
6127.000000 0.265636
6128.000000 0.265614
6129.000000 0.265593
6130.000000 0.265571
6131.000000 0.265589
6132.000000 0.265607
6133.000000 0.265625
6134.000000 0.265643
6135.000000 0.26566
6136.000000 0.265679
6137.000000 0.265697
6138.000000 0.265715
6139.000000 0.265733
6140.000000 0.265751
6141.000000 0.265793
6142.000000 0.265835
6143.000000 0.265876
6144.000000 0.265918
6145.000000 0.26596
6146.000000 0.266001
6147.000000 0.266043
6148.000000 0.266085
6149.000000 0.266128
6150.000000 0.266169
6151.000000 0.265546
6152.000000 0.264924
6153.000000 0.264301
6154.000000 0.263678
6155.000000 0.263055
6156.000000 0.262432
6157.000000 0.261809
6158.000000 0.261186
6159.000000 0.260563
6160.000000 0.259939
6161.000000 0.258522
6162.000000 0.257104
6163.000000 0.255687
6164.000000 0.254269
6165.000000 0.252852
6166.000000 0.251433
6167.000000 0.250016
6168.000000 0.248598
6169.000000 0.247179
6170.000000 0.245762
6171.000000 0.244812
6172.000000 0.243863
6173.000000 0.242914
6174.000000 0.241964
6175.000000 0.241014
6176.000000 0.240065
6177.000000 0.239115
6178.000000 0.238165
6179.000000 0.237215
6180.000000 0.236265
6181.000000 0.235496
6182.000000 0.234727
6183.000000 0.233958
6184.000000 0.233188
6185.000000 0.232418
6186.000000 0.231649
6187.000000 0.230879
6188.000000 0.23011
6189.000000 0.22934
6190.000000 0.228571
6191.000000 0.228358
6192.000000 0.228145
6193.000000 0.227932
6194.000000 0.227719
6195.000000 0.227506
6196.000000 0.227293
6197.000000 0.22708
6198.000000 0.226867
6199.000000 0.226654
6200.000000 0.226441
6201.000000 0.226125
6202.000000 0.22581
6203.000000 0.225495
6204.000000 0.22518
6205.000000 0.224865
6206.000000 0.22455
6207.000000 0.224234
6208.000000 0.223919
6209.000000 0.223603
6210.000000 0.223288
6211.000000 0.223812
6212.000000 0.224336
6213.000000 0.22486
6214.000000 0.225385
6215.000000 0.225909
6216.000000 0.226433
6217.000000 0.226957
6218.000000 0.227481
6219.000000 0.228006
6220.000000 0.22853
6221.000000 0.230169
6222.000000 0.231808
6223.000000 0.233447
6224.000000 0.235086
6225.000000 0.236725
6226.000000 0.238364
6227.000000 0.240002
6228.000000 0.241641
6229.000000 0.243281
6230.000000 0.24492
6231.000000 0.245484
6232.000000 0.246048
6233.000000 0.246613
6234.000000 0.247177
6235.000000 0.247742
6236.000000 0.248307
6237.000000 0.248871
6238.000000 0.249436
6239.000000 0.250001
6240.000000 0.250566
6241.000000 0.251571
6242.000000 0.252577
6243.000000 0.253583
6244.000000 0.254589
6245.000000 0.255595
6246.000000 0.256601
6247.000000 0.257608
6248.000000 0.258613
6249.000000 0.25962
6250.000000 0.260626
6251.000000 0.26059
6252.000000 0.260556
6253.000000 0.260521
6254.000000 0.260486
6255.000000 0.260451
6256.000000 0.260416
6257.000000 0.260381
6258.000000 0.260346
6259.000000 0.260311
6260.000000 0.260276
6261.000000 0.260436
6262.000000 0.260596
6263.000000 0.260755
6264.000000 0.260915
6265.000000 0.261075
6266.000000 0.261235
6267.000000 0.261394
6268.000000 0.261555
6269.000000 0.261714
6270.000000 0.261874
6271.000000 0.262226
6272.000000 0.262577
6273.000000 0.262929
6274.000000 0.263281
6275.000000 0.263632
6276.000000 0.263984
6277.000000 0.264336
6278.000000 0.264688
6279.000000 0.265039
6280.000000 0.265391
6281.000000 0.26452
6282.000000 0.263651
6283.000000 0.262781
6284.000000 0.261911
6285.000000 0.26104
6286.000000 0.26017
6287.000000 0.2593
6288.000000 0.25843
6289.000000 0.25756
6290.000000 0.256689
6291.000000 0.256972
6292.000000 0.257256
6293.000000 0.25754
6294.000000 0.257823
6295.000000 0.258107
6296.000000 0.258391
6297.000000 0.258674
6298.000000 0.258957
6299.000000 0.259241
6300.000000 0.259525
6301.000000 0.258871
6302.000000 0.258217
6303.000000 0.257563
6304.000000 0.25691
6305.000000 0.256256
6306.000000 0.255602
6307.000000 0.254948
6308.000000 0.254295
6309.000000 0.253641
6310.000000 0.252987
6311.000000 0.253089
6312.000000 0.253191
6313.000000 0.253292
6314.000000 0.253394
6315.000000 0.253496
6316.000000 0.253598
6317.000000 0.253699
6318.000000 0.253802
6319.000000 0.253903
6320.000000 0.254005
6321.000000 0.253693
6322.000000 0.253381
6323.000000 0.253069
6324.000000 0.252757
6325.000000 0.252446
6326.000000 0.252134
6327.000000 0.251821
6328.000000 0.25151
6329.000000 0.251198
6330.000000 0.250886
6331.000000 0.25139
6332.000000 0.251896
6333.000000 0.2524
6334.000000 0.252905
6335.000000 0.253411
6336.000000 0.253915
6337.000000 0.254421
6338.000000 0.254926
6339.000000 0.255431
6340.000000 0.255936
6341.000000 0.255556
6342.000000 0.255176
6343.000000 0.254796
6344.000000 0.254415
6345.000000 0.254035
6346.000000 0.253655
6347.000000 0.253275
6348.000000 0.252894
6349.000000 0.252514
6350.000000 0.252134
6351.000000 0.254339
6352.000000 0.256545
6353.000000 0.25875
6354.000000 0.260955
6355.000000 0.263161
6356.000000 0.265367
6357.000000 0.267573
6358.000000 0.269779
6359.000000 0.271984
6360.000000 0.27419
6361.000000 0.271679
6362.000000 0.269168
6363.000000 0.266657
6364.000000 0.264145
6365.000000 0.261634
6366.000000 0.259122
6367.000000 0.256611
6368.000000 0.254099
6369.000000 0.251587
6370.000000 0.249076
6371.000000 0.249949
6372.000000 0.250822
6373.000000 0.251694
6374.000000 0.252568
6375.000000 0.25344
6376.000000 0.254313
6377.000000 0.255186
6378.000000 0.256059
6379.000000 0.256932
6380.000000 0.257806
6381.000000 0.255311
6382.000000 0.252815
6383.000000 0.25032
6384.000000 0.247825
6385.000000 0.24533
6386.000000 0.242834
6387.000000 0.240339
6388.000000 0.237844
6389.000000 0.235349
6390.000000 0.232854
6391.000000 0.233597
6392.000000 0.234341
6393.000000 0.235083
6394.000000 0.235827
6395.000000 0.23657
6396.000000 0.237314
6397.000000 0.238058
6398.000000 0.238801
6399.000000 0.239545
6400.000000 0.240288
6401.000000 0.239375
6402.000000 0.238461
6403.000000 0.237548
6404.000000 0.236634
6405.000000 0.235721
6406.000000 0.234808
6407.000000 0.233894
6408.000000 0.23298
6409.000000 0.232067
6410.000000 0.231152
6411.000000 0.232634
6412.000000 0.234114
6413.000000 0.235595
6414.000000 0.237076
6415.000000 0.238556
6416.000000 0.240037
6417.000000 0.241518
6418.000000 0.242998
6419.000000 0.244479
6420.000000 0.24596
6421.000000 0.244908
6422.000000 0.243858
6423.000000 0.242806
6424.000000 0.241756
6425.000000 0.240704
6426.000000 0.239654
6427.000000 0.238602
6428.000000 0.237551
6429.000000 0.236499
6430.000000 0.235448
6431.000000 0.237887
6432.000000 0.240324
6433.000000 0.242762
6434.000000 0.2452
6435.000000 0.247638
6436.000000 0.250076
6437.000000 0.252513
6438.000000 0.254952
6439.000000 0.257389
6440.000000 0.259827
6441.000000 0.25885
6442.000000 0.257873
6443.000000 0.256895
6444.000000 0.255918
6445.000000 0.254941
6446.000000 0.253963
6447.000000 0.252987
6448.000000 0.252009
6449.000000 0.251032
6450.000000 0.250055
6451.000000 0.252352
6452.000000 0.254649
6453.000000 0.256946
6454.000000 0.259244
6455.000000 0.261541
6456.000000 0.263839
6457.000000 0.266136
6458.000000 0.268434
6459.000000 0.270733
6460.000000 0.273031
6461.000000 0.271326
6462.000000 0.269623
6463.000000 0.267919
6464.000000 0.266215
6465.000000 0.264511
6466.000000 0.262807
6467.000000 0.261103
6468.000000 0.2594
6469.000000 0.257697
6470.000000 0.255993
6471.000000 0.257694
6472.000000 0.259395
6473.000000 0.261096
6474.000000 0.262797
6475.000000 0.264498
6476.000000 0.266198
6477.000000 0.2679
6478.000000 0.269601
6479.000000 0.271301
6480.000000 0.273003
6481.000000 0.27097
6482.000000 0.268936
6483.000000 0.266903
6484.000000 0.26487
6485.000000 0.262836
6486.000000 0.260803
6487.000000 0.25877
6488.000000 0.256736
6489.000000 0.254703
6490.000000 0.25267
6491.000000 0.253876
6492.000000 0.255084
6493.000000 0.256291
6494.000000 0.257497
6495.000000 0.258705
6496.000000 0.259912
6497.000000 0.261119
6498.000000 0.262326
6499.000000 0.263533
6500.000000 0.26474
6501.000000 0.262318
6502.000000 0.259894
6503.000000 0.257471
6504.000000 0.255048
6505.000000 0.252624
6506.000000 0.250201
6507.000000 0.247778
6508.000000 0.245355
6509.000000 0.242932
6510.000000 0.240509
6511.000000 0.241172
6512.000000 0.241835
6513.000000 0.2425
6514.000000 0.243163
6515.000000 0.243826
6516.000000 0.24449
6517.000000 0.245153
6518.000000 0.245816
6519.000000 0.246481
6520.000000 0.247144
6521.000000 0.245849
6522.000000 0.244553
6523.000000 0.243257
6524.000000 0.241962
6525.000000 0.240667
6526.000000 0.239371
6527.000000 0.238075
6528.000000 0.23678
6529.000000 0.235485
6530.000000 0.234189
6531.000000 0.235953
6532.000000 0.237716
6533.000000 0.239479
6534.000000 0.241243
6535.000000 0.243006
6536.000000 0.244769
6537.000000 0.246533
6538.000000 0.248295
6539.000000 0.250059
6540.000000 0.251821
6541.000000 0.250252
6542.000000 0.248682
6543.000000 0.247112
6544.000000 0.245542
6545.000000 0.243972
6546.000000 0.242402
6547.000000 0.240832
6548.000000 0.239262
6549.000000 0.237692
6550.000000 0.236122
6551.000000 0.238298
6552.000000 0.240475
6553.000000 0.242651
6554.000000 0.244827
6555.000000 0.247002
6556.000000 0.249179
6557.000000 0.251355
6558.000000 0.253531
6559.000000 0.255707
6560.000000 0.257884
6561.000000 0.256622
6562.000000 0.255361
6563.000000 0.2541
6564.000000 0.252839
6565.000000 0.251577
6566.000000 0.250316
6567.000000 0.249055
6568.000000 0.247794
6569.000000 0.246533
6570.000000 0.245273
6571.000000 0.246149
6572.000000 0.247026
6573.000000 0.247903
6574.000000 0.24878
6575.000000 0.249657
6576.000000 0.250534
6577.000000 0.25141
6578.000000 0.252287
6579.000000 0.253164
6580.000000 0.254041
6581.000000 0.253106
6582.000000 0.252171
6583.000000 0.251236
6584.000000 0.250301
6585.000000 0.249367
6586.000000 0.248432
6587.000000 0.247497
6588.000000 0.246563
6589.000000 0.245628
6590.000000 0.244693
6591.000000 0.244978
6592.000000 0.245264
6593.000000 0.245549
6594.000000 0.245834
6595.000000 0.246119
6596.000000 0.246404
6597.000000 0.24669
6598.000000 0.246975
6599.000000 0.24726
6600.000000 0.247545
6601.000000 0.246043
6602.000000 0.244542
6603.000000 0.243041
6604.000000 0.24154
6605.000000 0.240039
6606.000000 0.238538
6607.000000 0.237039
6608.000000 0.235539
6609.000000 0.23404
6610.000000 0.23254
6611.000000 0.233648
6612.000000 0.234756
6613.000000 0.235864
6614.000000 0.236971
6615.000000 0.238079
6616.000000 0.239187
6617.000000 0.240294
6618.000000 0.241401
6619.000000 0.242508
6620.000000 0.243615
6621.000000 0.243741
6622.000000 0.243867
6623.000000 0.243993
6624.000000 0.244118
6625.000000 0.244244
6626.000000 0.24437
6627.000000 0.244495
6628.000000 0.244621
6629.000000 0.244747
6630.000000 0.244872
6631.000000 0.244725
6632.000000 0.244578
6633.000000 0.244432
6634.000000 0.244284
6635.000000 0.244137
6636.000000 0.24399
6637.000000 0.243844
6638.000000 0.243696
6639.000000 0.243549
6640.000000 0.243402
6641.000000 0.245291
6642.000000 0.247179
6643.000000 0.249066
6644.000000 0.250954
6645.000000 0.25284
6646.000000 0.254727
6647.000000 0.256613
6648.000000 0.2585
6649.000000 0.260386
6650.000000 0.262271
6651.000000 0.260928
6652.000000 0.259585
6653.000000 0.258243
6654.000000 0.2569
6655.000000 0.255557
6656.000000 0.254215
6657.000000 0.252873
6658.000000 0.251531
6659.000000 0.250189
6660.000000 0.248848
6661.000000 0.250963
6662.000000 0.253078
6663.000000 0.255193
6664.000000 0.257308
6665.000000 0.259421
6666.000000 0.261535
6667.000000 0.263648
6668.000000 0.26576
6669.000000 0.267871
6670.000000 0.269983
6671.000000 0.268452
6672.000000 0.266922
6673.000000 0.265391
6674.000000 0.263862
6675.000000 0.262332
6676.000000 0.260802
6677.000000 0.259273
6678.000000 0.257743
6679.000000 0.256215
6680.000000 0.254686
6681.000000 0.256602
6682.000000 0.258519
6683.000000 0.260435
6684.000000 0.262351
6685.000000 0.264267
6686.000000 0.266182
6687.000000 0.268097
6688.000000 0.270012
6689.000000 0.271925
6690.000000 0.27384
6691.000000 0.271426
6692.000000 0.269014
6693.000000 0.266601
6694.000000 0.26419
6695.000000 0.261778
6696.000000 0.259367
6697.000000 0.256957
6698.000000 0.254546
6699.000000 0.252137
6700.000000 0.249728
6701.000000 0.250576
6702.000000 0.251423
6703.000000 0.25227
6704.000000 0.253118
6705.000000 0.253964
6706.000000 0.254812
6707.000000 0.255658
6708.000000 0.256505
6709.000000 0.257351
6710.000000 0.258198
6711.000000 0.256849
6712.000000 0.255499
6713.000000 0.25415
6714.000000 0.252801
6715.000000 0.251453
6716.000000 0.250105
6717.000000 0.248758
6718.000000 0.24741
6719.000000 0.246063
6720.000000 0.244716
6721.000000 0.244863
6722.000000 0.24501
6723.000000 0.245158
6724.000000 0.245306
6725.000000 0.245453
6726.000000 0.2456
6727.000000 0.245747
6728.000000 0.245895
6729.000000 0.246042
6730.000000 0.246189
6731.000000 0.245342
6732.000000 0.244494
6733.000000 0.243647
6734.000000 0.242799
6735.000000 0.241952
6736.000000 0.241105
6737.000000 0.240259
6738.000000 0.239412
6739.000000 0.238566
6740.000000 0.237719
6741.000000 0.239154
6742.000000 0.240589
6743.000000 0.242023
6744.000000 0.243457
6745.000000 0.244891
6746.000000 0.246325
6747.000000 0.247758
6748.000000 0.249192
6749.000000 0.250625
6750.000000 0.252057
6751.000000 0.250627
6752.000000 0.249199
6753.000000 0.24777
6754.000000 0.246341
6755.000000 0.244913
6756.000000 0.243484
6757.000000 0.242057
6758.000000 0.240629
6759.000000 0.239202
6760.000000 0.237774
6761.000000 0.237486
6762.000000 0.237199
6763.000000 0.236911
6764.000000 0.236623
6765.000000 0.236336
6766.000000 0.236048
6767.000000 0.235761
6768.000000 0.235474
6769.000000 0.235186
6770.000000 0.234899
6771.000000 0.237841
6772.000000 0.240782
6773.000000 0.243723
6774.000000 0.246663
6775.000000 0.249603
6776.000000 0.252542
6777.000000 0.255481
6778.000000 0.258419
6779.000000 0.261357
6780.000000 0.264294
6781.000000 0.261606
6782.000000 0.258919
6783.000000 0.256232
6784.000000 0.253546
6785.000000 0.25086
6786.000000 0.248175
6787.000000 0.24549
6788.000000 0.242806
6789.000000 0.240122
6790.000000 0.237439
6791.000000 0.23949
6792.000000 0.241541
6793.000000 0.243591
6794.000000 0.245642
6795.000000 0.247692
6796.000000 0.249741
6797.000000 0.25179
6798.000000 0.253839
6799.000000 0.255887
6800.000000 0.257935
6801.000000 0.255995
6802.000000 0.254055
6803.000000 0.252116
6804.000000 0.250178
6805.000000 0.248239
6806.000000 0.246302
6807.000000 0.244366
6808.000000 0.24243
6809.000000 0.240494
6810.000000 0.23856
6811.000000 0.238855
6812.000000 0.23915
6813.000000 0.239445
6814.000000 0.23974
6815.000000 0.240035
6816.000000 0.24033
6817.000000 0.240625
6818.000000 0.24092
6819.000000 0.241214
6820.000000 0.241509
6821.000000 0.240479
6822.000000 0.239449
6823.000000 0.23842
6824.000000 0.237391
6825.000000 0.236362
6826.000000 0.235334
6827.000000 0.234306
6828.000000 0.233278
6829.000000 0.232251
6830.000000 0.231224
6831.000000 0.232655
6832.000000 0.234085
6833.000000 0.235515
6834.000000 0.236945
6835.000000 0.238375
6836.000000 0.239803
6837.000000 0.241231
6838.000000 0.242659
6839.000000 0.244087
6840.000000 0.245514
6841.000000 0.244131
6842.000000 0.242748
6843.000000 0.241366
6844.000000 0.239984
6845.000000 0.238602
6846.000000 0.237221
6847.000000 0.235841
6848.000000 0.23446
6849.000000 0.23308
6850.000000 0.2317
6851.000000 0.233379
6852.000000 0.235056
6853.000000 0.236733
6854.000000 0.23841
6855.000000 0.240085
6856.000000 0.24176
6857.000000 0.243436
6858.000000 0.24511
6859.000000 0.246784
6860.000000 0.248456
6861.000000 0.247297
6862.000000 0.246138
6863.000000 0.244979
6864.000000 0.24382
6865.000000 0.242662
6866.000000 0.241505
6867.000000 0.240347
6868.000000 0.239191
6869.000000 0.238034
6870.000000 0.236877
6871.000000 0.23805
6872.000000 0.239222
6873.000000 0.240393
6874.000000 0.241565
6875.000000 0.242737
6876.000000 0.243907
6877.000000 0.245078
6878.000000 0.246248
6879.000000 0.247418
6880.000000 0.248587
6881.000000 0.246852
6882.000000 0.245119
6883.000000 0.243386
6884.000000 0.241652
6885.000000 0.23992
6886.000000 0.238189
6887.000000 0.236457
6888.000000 0.234726
6889.000000 0.232996
6890.000000 0.231266
6891.000000 0.231729
6892.000000 0.232191
6893.000000 0.232653
6894.000000 0.233116
6895.000000 0.233578
6896.000000 0.234039
6897.000000 0.2345
6898.000000 0.234962
6899.000000 0.235423
6900.000000 0.235885
6901.000000 0.233683
6902.000000 0.231483
6903.000000 0.229283
6904.000000 0.227084
6905.000000 0.224885
6906.000000 0.222687
6907.000000 0.22049
6908.000000 0.218293
6909.000000 0.216097
6910.000000 0.213902
6911.000000 0.214597
6912.000000 0.215292
6913.000000 0.215986
6914.000000 0.216681
6915.000000 0.217375
6916.000000 0.218069
6917.000000 0.218763
6918.000000 0.219456
6919.000000 0.220149
6920.000000 0.220843
6921.000000 0.218947
6922.000000 0.21705
6923.000000 0.215155
6924.000000 0.213259
6925.000000 0.211365
6926.000000 0.209471
6927.000000 0.207577
6928.000000 0.205685
6929.000000 0.203792
6930.000000 0.2019
6931.000000 0.203596
6932.000000 0.20529
6933.000000 0.206983
6934.000000 0.208677
6935.000000 0.21037
6936.000000 0.212062
6937.000000 0.213753
6938.000000 0.215444
6939.000000 0.217134
6940.000000 0.218824
6941.000000 0.217698
6942.000000 0.216573
6943.000000 0.215448
6944.000000 0.214324
6945.000000 0.213199
6946.000000 0.212075
6947.000000 0.210951
6948.000000 0.209828
6949.000000 0.208705
6950.000000 0.207582
6951.000000 0.209876
6952.000000 0.212169
6953.000000 0.21446
6954.000000 0.216752
6955.000000 0.219043
6956.000000 0.221332
6957.000000 0.223622
6958.000000 0.22591
6959.000000 0.228198
6960.000000 0.230485
6961.000000 0.230729
6962.000000 0.230973
6963.000000 0.231216
6964.000000 0.23146
6965.000000 0.231703
6966.000000 0.231947
6967.000000 0.23219
6968.000000 0.232433
6969.000000 0.232677
6970.000000 0.23292
6971.000000 0.234018
6972.000000 0.235115
6973.000000 0.236211
6974.000000 0.237307
6975.000000 0.238403
6976.000000 0.239499
6977.000000 0.240594
6978.000000 0.241689
6979.000000 0.242782
6980.000000 0.243876
6981.000000 0.242615
6982.000000 0.241355
6983.000000 0.240094
6984.000000 0.238835
6985.000000 0.237575
6986.000000 0.236316
6987.000000 0.235058
6988.000000 0.2338
6989.000000 0.232542
6990.000000 0.231285
6991.000000 0.232248
6992.000000 0.23321
6993.000000 0.234172
6994.000000 0.235134
6995.000000 0.236096
6996.000000 0.237057
6997.000000 0.238018
6998.000000 0.238979
6999.000000 0.23994
7000.000000 0.2409
7001.000000 0.239922
7002.000000 0.238944
7003.000000 0.237967
7004.000000 0.23699
7005.000000 0.236014
7006.000000 0.235038
7007.000000 0.234063
7008.000000 0.233088
7009.000000 0.232113
7010.000000 0.23114
7011.000000 0.231603
7012.000000 0.232066
7013.000000 0.232529
7014.000000 0.232991
7015.000000 0.233454
7016.000000 0.233916
7017.000000 0.234378
7018.000000 0.234839
7019.000000 0.2353
7020.000000 0.235762
7021.000000 0.234299
7022.000000 0.232836
7023.000000 0.231374
7024.000000 0.229913
7025.000000 0.228453
7026.000000 0.226992
7027.000000 0.225533
7028.000000 0.224075
7029.000000 0.222617
7030.000000 0.221159
7031.000000 0.222639
7032.000000 0.224119
7033.000000 0.225598
7034.000000 0.227076
7035.000000 0.228553
7036.000000 0.23003
7037.000000 0.231506
7038.000000 0.232981
7039.000000 0.234455
7040.000000 0.235928
7041.000000 0.234584
7042.000000 0.233242
7043.000000 0.231899
7044.000000 0.230557
7045.000000 0.229216
7046.000000 0.227875
7047.000000 0.226534
7048.000000 0.225195
7049.000000 0.223855
7050.000000 0.222517
7051.000000 0.224119
7052.000000 0.225721
7053.000000 0.227322
7054.000000 0.228921
7055.000000 0.230521
7056.000000 0.23212
7057.000000 0.233717
7058.000000 0.235314
7059.000000 0.23691
7060.000000 0.238506
7061.000000 0.237019
7062.000000 0.235532
7063.000000 0.234045
7064.000000 0.23256
7065.000000 0.231075
7066.000000 0.22959
7067.000000 0.228106
7068.000000 0.226623
7069.000000 0.225141
7070.000000 0.223659
7071.000000 0.220458
7072.000000 0.217259
7073.000000 0.214062
7074.000000 0.210866
7075.000000 0.207672
7076.000000 0.20448
7077.000000 0.201289
7078.000000 0.1981
7079.000000 0.194914
7080.000000 0.191728
7081.000000 0.18401
7082.000000 0.176295
7083.000000 0.168585
7084.000000 0.160877
7085.000000 0.153172
7086.000000 0.145471
7087.000000 0.137773
7088.000000 0.130079
7089.000000 0.122387
7090.000000 0.114699
7091.000000 0.109868
7092.000000 0.105038
7093.000000 0.100211
7094.000000 0.0953865
7095.000000 0.0905638
7096.000000 0.0857433
7097.000000 0.0809249
7098.000000 0.0761091
7099.000000 0.0712951
7100.000000 0.0664834
7101.000000 0.0636622
7102.000000 0.0608422
7103.000000 0.0580236
7104.000000 0.055206
7105.000000 0.05239
7106.000000 0.0495753
7107.000000 0.0467619
7108.000000 0.0439497
7109.000000 0.041139
7110.000000 0.0383295
7111.000000 0.0371028
7112.000000 0.0358766
7113.000000 0.0346511
7114.000000 0.0334261
7115.000000 0.0322016
7116.000000 0.0309777
7117.000000 0.0297544
7118.000000 0.0285317
7119.000000 0.0273096
7120.000000 0.026088
7121.000000 0.0253345
7122.000000 0.0245814
7123.000000 0.0238285
7124.000000 0.0230761
7125.000000 0.0223239
7126.000000 0.0215722
7127.000000 0.0208207
7128.000000 0.0200696
7129.000000 0.0193188
7130.000000 0.0185684
7131.000000 0.0182291
7132.000000 0.0178901
7133.000000 0.0175512
7134.000000 0.0172125
7135.000000 0.0168739
7136.000000 0.0165355
7137.000000 0.0161973
7138.000000 0.0158592
7139.000000 0.0155212
7140.000000 0.0151835
7141.000000 0.0148301
7142.000000 0.0144767
7143.000000 0.0141236
7144.000000 0.0137706
7145.000000 0.0134177
7146.000000 0.013065
7147.000000 0.0127125
7148.000000 0.0123601
7149.000000 0.0120078
7150.000000 0.0116557
7151.000000 0.0113093
7152.000000 0.0109631
7153.000000 0.010617
7154.000000 0.0102711
7155.000000 0.00992527
7156.000000 0.00957965
7157.000000 0.00923421
7158.000000 0.00888889
7159.000000 0.00854378
7160.000000 0.00819882
7161.000000 0.00785959
7162.000000 0.00752055
7163.000000 0.00718168
7164.000000 0.00684294
7165.000000 0.00650441
7166.000000 0.00616604
7167.000000 0.00582784
7168.000000 0.0054898
7169.000000 0.00515194
7170.000000 0.00481424
7171.000000 0.00457396
7172.000000 0.00433377
7173.000000 0.00409371
7174.000000 0.00385373
7175.000000 0.00361387
7176.000000 0.00337409
7177.000000 0.00313445
7178.000000 0.0028949
7179.000000 0.00265544
7180.000000 0.00241609
7181.000000 0.00230966
7182.000000 0.00220327
7183.000000 0.00209693
7184.000000 0.00199063
7185.000000 0.00188438
7186.000000 0.00177818
7187.000000 0.00167202
7188.000000 0.00156591
7189.000000 0.00145984
7190.000000 0.00135382
7191.000000 0.00131227
7192.000000 0.00127073
7193.000000 0.00122921
7194.000000 0.00118771
7195.000000 0.00114623
7196.000000 0.00110477
7197.000000 0.00106333
7198.000000 0.0010219
7199.000000 0.000980493
7200.000000 0.000939105
7201.000000 0.000897665
7202.000000 0.00085625
7203.000000 0.00081486
7204.000000 0.000773496
7205.000000 0.000732153
7206.000000 0.000690841
7207.000000 0.000649552
7208.000000 0.000608286
7209.000000 0.000567048
7210.000000 0.000525834
7211.000000 0.000515688
7212.000000 0.000505549
7213.000000 0.000495413
7214.000000 0.000485283
7215.000000 0.000475158
7216.000000 0.000465038
7217.000000 0.000454923
7218.000000 0.000444813
7219.000000 0.000434708
7220.000000 0.000424608
7221.000000 0.000414495
7222.000000 0.000404386
7223.000000 0.000394285
7224.000000 0.000384188
7225.000000 0.000374098
7226.000000 0.000364014
7227.000000 0.000353935
7228.000000 0.000343863
7229.000000 0.000333796
7230.000000 0.000323735
7231.000000 0.000313698
7232.000000 0.000303666
7233.000000 0.000293639
7234.000000 0.000283615
7235.000000 0.000273597
7236.000000 0.000263584
7237.000000 0.000253575
7238.000000 0.000243572
7239.000000 0.000233573
7240.000000 0.000223579
7241.000000 0.000213578
7242.000000 0.000203583
7243.000000 0.000193594
7244.000000 0.000183611
7245.000000 0.000173633
7246.000000 0.000163661
7247.000000 0.000153695
7248.000000 0.000143736
7249.000000 0.000133781
7250.000000 0.000123833
7251.000000 0.000121646
7252.000000 0.00011946
7253.000000 0.000117275
7254.000000 0.000115092
7255.000000 0.000112909
7256.000000 0.000110727
7257.000000 0.000108547
7258.000000 0.000106368
7259.000000 0.000104189
7260.000000 0.000102012
7261.000000 9.98329e-05
7262.000000 9.76551e-05
7263.000000 9.54785e-05
7264.000000 9.33032e-05
7265.000000 9.11289e-05
7266.000000 8.8956e-05
7267.000000 8.67841e-05
7268.000000 8.46133e-05
7269.000000 8.24439e-05
7270.000000 8.02755e-05
7271.000000 7.81092e-05
7272.000000 7.59439e-05
7273.000000 7.37799e-05
7274.000000 7.16169e-05
7275.000000 6.94551e-05
7276.000000 6.72943e-05
7277.000000 6.51348e-05
7278.000000 6.29764e-05
7279.000000 6.08192e-05
7280.000000 5.86631e-05
7281.000000 5.65076e-05
