7782.000000 2.79968e-05
7783.000000 2.83789e-05
7784.000000 2.87606e-05
7785.000000 2.91417e-05
7786.000000 2.95226e-05
7787.000000 2.99029e-05
7788.000000 3.02827e-05
7789.000000 3.06623e-05
7790.000000 3.10412e-05
7791.000000 3.14191e-05
7792.000000 3.17963e-05
7793.000000 3.21732e-05
7794.000000 3.25496e-05
7795.000000 3.29256e-05
7796.000000 3.33011e-05
7797.000000 3.36762e-05
7798.000000 3.40508e-05
7799.000000 3.44249e-05
7800.000000 3.47986e-05
7801.000000 3.55654e-05
7802.000000 3.63313e-05
7803.000000 3.70958e-05
7804.000000 3.78596e-05
7805.000000 3.86222e-05
7806.000000 3.93837e-05
7807.000000 4.01442e-05
7808.000000 4.09037e-05
7809.000000 4.1662e-05
7810.000000 4.24195e-05
7811.000000 4.31768e-05
7812.000000 4.39329e-05
7813.000000 4.46881e-05
7814.000000 4.54424e-05
7815.000000 4.61955e-05
7816.000000 4.69476e-05
7817.000000 4.76988e-05
7818.000000 4.84489e-05
7819.000000 4.91981e-05
7820.000000 4.99461e-05
7821.000000 5.0692e-05
7822.000000 5.14369e-05
7823.000000 5.21807e-05
7824.000000 5.29234e-05
7825.000000 5.36653e-05
7826.000000 5.4406e-05
7827.000000 5.51454e-05
7828.000000 5.58842e-05
7829.000000 5.66216e-05
7830.000000 5.73579e-05
7831.000000 5.80955e-05
7832.000000 5.88319e-05
7833.000000 5.95672e-05
7834.000000 6.03016e-05
7835.000000 6.1035e-05
7836.000000 6.17673e-05
7837.000000 6.24986e-05
7838.000000 6.32291e-05
7839.000000 6.39586e-05
7840.000000 6.46868e-05
7841.000000 6.61872e-05
7842.000000 6.76853e-05
7843.000000 6.91813e-05
7844.000000 7.06754e-05
7845.000000 7.21672e-05
7846.000000 7.3657e-05
7847.000000 7.51448e-05
7848.000000 7.66305e-05
7849.000000 7.8114e-05
7850.000000 7.95953e-05
7851.000000 8.10779e-05
7852.000000 8.25583e-05
7853.000000 8.40369e-05
7854.000000 8.55135e-05
7855.000000 8.69884e-05
7856.000000 8.84607e-05
7857.000000 8.99316e-05
7858.000000 9.14004e-05
7859.000000 9.28672e-05
7860.000000 9.43319e-05
7861.000000 9.57893e-05
7862.000000 9.72446e-05
7863.000000 9.86978e-05
7864.000000 0.000100149
7865.000000 0.000101598
7866.000000 0.000103044
7867.000000 0.000104489
7868.000000 0.000105932
7869.000000 0.000107373
7870.000000 0.000108811
7871.000000 0.000110251
7872.000000 0.000111688
7873.000000 0.000113124
7874.000000 0.000114558
7875.000000 0.000115989
7876.000000 0.000117419
7877.000000 0.000118847
7878.000000 0.000120273
7879.000000 0.000121696
7880.000000 0.000123118
7881.000000 0.000126051
7882.000000 0.00012898
7883.000000 0.000131905
7884.000000 0.000134826
7885.000000 0.000137743
7886.000000 0.000140656
7887.000000 0.000143565
7888.000000 0.00014647
7889.000000 0.000149371
7890.000000 0.000152269
7891.000000 0.000155156
7892.000000 0.000158039
7893.000000 0.000160918
7894.000000 0.000163793
7895.000000 0.000166663
7896.000000 0.00016953
7897.000000 0.000172392
7898.000000 0.00017525
7899.000000 0.000178104
7900.000000 0.000180953
7901.000000 0.000183811
7902.000000 0.000186665
7903.000000 0.000189515
7904.000000 0.000192361
7905.000000 0.000195204
7906.000000 0.000198042
7907.000000 0.000200877
7908.000000 0.000203709
7909.000000 0.000206536
7910.000000 0.000209359
7911.000000 0.000212169
7912.000000 0.000214974
7913.000000 0.000217776
7914.000000 0.000220573
7915.000000 0.000223366
7916.000000 0.000226156
7917.000000 0.00022894
7918.000000 0.000231722
7919.000000 0.000234499
7920.000000 0.000237272
7921.000000 0.000243084
7922.000000 0.000248887
7923.000000 0.000254682
7924.000000 0.00026047
7925.000000 0.000266249
7926.000000 0.000272019
7927.000000 0.000277782
7928.000000 0.000283536
7929.000000 0.000289282
7930.000000 0.00029502
7931.000000 0.000300746
7932.000000 0.000306464
7933.000000 0.000312175
7934.000000 0.000317876
7935.000000 0.00032357
7936.000000 0.000329255
7937.000000 0.000334931
7938.000000 0.000340598
7939.000000 0.00034626
7940.000000 0.000351911
7941.000000 0.00035756
7942.000000 0.000363199
7943.000000 0.000368829
7944.000000 0.000374452
7945.000000 0.000380067
7946.000000 0.000385674
7947.000000 0.000391273
7948.000000 0.000396863
7949.000000 0.000402445
7950.000000 0.000408019
7951.000000 0.000413587
7952.000000 0.000419148
7953.000000 0.0004247
7954.000000 0.000430243
7955.000000 0.00043578
7956.000000 0.000441307
7957.000000 0.000446828
7958.000000 0.000452339
7959.000000 0.000457843
7960.000000 0.000463339
7961.000000 0.000475343
7962.000000 0.000487328
7963.000000 0.000499298
7964.000000 0.00051125
7965.000000 0.000523182
7966.000000 0.0005351
7967.000000 0.000546998
7968.000000 0.000558882
7969.000000 0.000570745
7970.000000 0.000582592
7971.000000 0.000594429
7972.000000 0.000606249
7973.000000 0.000618052
7974.000000 0.000629837
7975.000000 0.000641605
7976.000000 0.000653357
7977.000000 0.000665093
7978.000000 0.00067681
7979.000000 0.00068851
7980.000000 0.000700194
7981.000000 0.000710937
7982.000000 0.000721631
7983.000000 0.000732278
7984.000000 0.000742875
7985.000000 0.000753429
7986.000000 0.000763933
7987.000000 0.000774393
7988.000000 0.000784805
7989.000000 0.000795168
7990.000000 0.000805487
7991.000000 0.000816843
7992.000000 0.000828186
7993.000000 0.000839511
7994.000000 0.00085082
7995.000000 0.000862109
7996.000000 0.000873384
7997.000000 0.000884644
7998.000000 0.000895887
7999.000000 0.000907113
8000.000000 0.000918325
8001.000000 0.000968293
8002.000000 0.00101821
8003.000000 0.00106809
8004.000000 0.00111791
8005.000000 0.00116768
8006.000000 0.0012174
8007.000000 0.00126707
8008.000000 0.00131669
8009.000000 0.00136626
8010.000000 0.00141578
8011.000000 0.0014427
8012.000000 0.00146959
8013.000000 0.00149646
8014.000000 0.00152329
8015.000000 0.0015501
8016.000000 0.00157688
8017.000000 0.00160364
8018.000000 0.00163037
8019.000000 0.00165707
8020.000000 0.00168374
8021.000000 0.00171404
8022.000000 0.00174432
8023.000000 0.00177456
8024.000000 0.00180478
8025.000000 0.00183496
8026.000000 0.00186512
8027.000000 0.00189526
8028.000000 0.00192536
8029.000000 0.00195543
8030.000000 0.00198547
8031.000000 0.00202383
8032.000000 0.00206214
8033.000000 0.00210042
8034.000000 0.00213866
8035.000000 0.00217686
8036.000000 0.00221501
8037.000000 0.00225313
8038.000000 0.00229122
8039.000000 0.00232926
8040.000000 0.00236726
8041.000000 0.00241236
8042.000000 0.00245741
8043.000000 0.00250241
8044.000000 0.00254738
8045.000000 0.00259229
8046.000000 0.00263717
8047.000000 0.00268199
8048.000000 0.00272678
8049.000000 0.00277152
8050.000000 0.00281621
8051.000000 0.00286263
8052.000000 0.00290901
8053.000000 0.00295534
8054.000000 0.00300163
8055.000000 0.00304787
8056.000000 0.00309406
8057.000000 0.00314021
8058.000000 0.00318631
8059.000000 0.00323237
8060.000000 0.00327838
8061.000000 0.00333674
8062.000000 0.00339504
8063.000000 0.00345328
8064.000000 0.00351146
8065.000000 0.0035696
8066.000000 0.00362767
8067.000000 0.00368569
8068.000000 0.00374365
8069.000000 0.00380157
8070.000000 0.00385941
8071.000000 0.00392243
8072.000000 0.00398536
8073.000000 0.00404825
8074.000000 0.00411106
8075.000000 0.00417381
8076.000000 0.00423651
8077.000000 0.00429914
8078.000000 0.00436172
8079.000000 0.00442421
8080.000000 0.00448665
8081.000000 0.00458389
8082.000000 0.00468104
8083.000000 0.00477809
8084.000000 0.00487503
8085.000000 0.00497188
8086.000000 0.00506865
8087.000000 0.0051653
8088.000000 0.00526187
8089.000000 0.00535831
8090.000000 0.00545469
8091.000000 0.00554417
8092.000000 0.00563356
8093.000000 0.00572287
8094.000000 0.0058121
8095.000000 0.00590124
8096.000000 0.00599027
8097.000000 0.00607923
8098.000000 0.00616812
8099.000000 0.00625691
8100.000000 0.00634563
8101.000000 0.00646695
8102.000000 0.00658816
8103.000000 0.00670924
8104.000000 0.00683019
8105.000000 0.00695103
8106.000000 0.00707174
8107.000000 0.00719234
8108.000000 0.00731282
8109.000000 0.00743319
8110.000000 0.0075534
8111.000000 0.00765618
8112.000000 0.00775888
8113.000000 0.00786143
8114.000000 0.00796391
8115.000000 0.00806625
8116.000000 0.0081685
8117.000000 0.00827061
8118.000000 0.00837265
8119.000000 0.00847459
8120.000000 0.00857638
8121.000000 0.00872631
8122.000000 0.00887606
8123.000000 0.00902568
8124.000000 0.00917519
8125.000000 0.0093245
8126.000000 0.00947366
8127.000000 0.00962269
8128.000000 0.00977158
8129.000000 0.00992034
8130.000000 0.0100689
8131.000000 0.0101982
8132.000000 0.0103274
8133.000000 0.0104564
8134.000000 0.0105853
8135.000000 0.010714
8136.000000 0.0108425
8137.000000 0.010971
8138.000000 0.0110993
8139.000000 0.0112275
8140.000000 0.0113556
8141.000000 0.0115347
8142.000000 0.0117137
8143.000000 0.0118925
8144.000000 0.0120712
8145.000000 0.0122497
8146.000000 0.0124279
8147.000000 0.012606
8148.000000 0.0127839
8149.000000 0.0129616
8150.000000 0.0131393
8151.000000 0.0133264
8152.000000 0.0135134
8153.000000 0.0137002
8154.000000 0.0138869
8155.000000 0.0140732
8156.000000 0.0142594
8157.000000 0.0144455
8158.000000 0.0146312
8159.000000 0.0148169
8160.000000 0.0150023
8161.000000 0.0152063
8162.000000 0.0154102
8163.000000 0.0156138
8164.000000 0.0158173
8165.000000 0.0160205
8166.000000 0.0162235
8167.000000 0.0164264
8168.000000 0.016629
8169.000000 0.0168314
8170.000000 0.0170336
8171.000000 0.0172423
8172.000000 0.0174507
8173.000000 0.017659
8174.000000 0.017867
8175.000000 0.0180749
8176.000000 0.0182825
8177.000000 0.0184899
8178.000000 0.0186971
8179.000000 0.018904
8180.000000 0.0191108
8181.000000 0.0193501
8182.000000 0.0195892
8183.000000 0.0198281
8184.000000 0.0200665
8185.000000 0.0203049
8186.000000 0.0205429
8187.000000 0.0207808
8188.000000 0.0210183
8189.000000 0.0212557
8190.000000 0.0214927
8191.000000 0.0217461
8192.000000 0.0219994
8193.000000 0.0222524
8194.000000 0.0225051
8195.000000 0.0227574
8196.000000 0.0230096
8197.000000 0.0232615
8198.000000 0.0235132
8199.000000 0.0237645
8200.000000 0.0240156
8201.000000 0.0243063
8202.000000 0.0245969
8203.000000 0.0248874
8204.000000 0.0251777
8205.000000 0.0254679
8206.000000 0.0257581
8207.000000 0.0260479
8208.000000 0.0263379
8209.000000 0.0266275
8210.000000 0.0269171
8211.000000 0.0271579
8212.000000 0.0273987
8213.000000 0.0276394
8214.000000 0.02788
8215.000000 0.0281204
8216.000000 0.0283607
8217.000000 0.028601
8218.000000 0.0288412
8219.000000 0.0290814
8220.000000 0.0293214
8221.000000 0.0296747
8222.000000 0.0300281
8223.000000 0.0303811
8224.000000 0.0307341
8225.000000 0.0310868
8226.000000 0.0314395
8227.000000 0.0317919
8228.000000 0.0321441
8229.000000 0.0324962
8230.000000 0.0328481
8231.000000 0.0331026
8232.000000 0.033357
8233.000000 0.0336112
8234.000000 0.0338654
8235.000000 0.0341193
8236.000000 0.0343733
8237.000000 0.034627
8238.000000 0.0348806
8239.000000 0.0351343
8240.000000 0.0353877
8241.000000 0.0356898
8242.000000 0.0359918
8243.000000 0.0362936
8244.000000 0.0365956
8245.000000 0.0368971
8246.000000 0.0371987
8247.000000 0.0374999
8248.000000 0.0378013
8249.000000 0.0381024
8250.000000 0.0384033
8251.000000 0.0387863
8252.000000 0.039169
8253.000000 0.0395517
8254.000000 0.0399341
8255.000000 0.0403164
8256.000000 0.0406987
8257.000000 0.0410808
8258.000000 0.0414626
8259.000000 0.0418443
8260.000000 0.042226
8261.000000 0.0426386
8262.000000 0.0430513
8263.000000 0.0434637
8264.000000 0.0438758
8265.000000 0.0442879
8266.000000 0.0446999
8267.000000 0.0451114
8268.000000 0.0455229
8269.000000 0.0459342
8270.000000 0.0463453
8271.000000 0.0466926
8272.000000 0.0470396
8273.000000 0.0473866
8274.000000 0.0477333
8275.000000 0.04808
8276.000000 0.0484266
8277.000000 0.0487732
8278.000000 0.0491194
8279.000000 0.0494654
8280.000000 0.0498115
8281.000000 0.0501885
8282.000000 0.0505651
8283.000000 0.0509419
8284.000000 0.0513183
8285.000000 0.0516946
8286.000000 0.052071
8287.000000 0.0524469
8288.000000 0.0528226
8289.000000 0.0531984
8290.000000 0.0535738
8291.000000 0.054014
8292.000000 0.0544539
8293.000000 0.0548937
8294.000000 0.0553334
8295.000000 0.0557728
8296.000000 0.056212
8297.000000 0.056651
8298.000000 0.0570899
8299.000000 0.0575287
8300.000000 0.057967
8301.000000 0.0583399
8302.000000 0.0587124
8303.000000 0.0590847
8304.000000 0.0594567
8305.000000 0.0598288
8306.000000 0.0602008
8307.000000 0.0605725
8308.000000 0.0609438
8309.000000 0.0613149
8310.000000 0.0616859
8311.000000 0.0618666
8312.000000 0.0620471
8313.000000 0.0622274
8314.000000 0.0624078
8315.000000 0.0625883
8316.000000 0.0627685
8317.000000 0.0629485
8318.000000 0.0631284
8319.000000 0.0633083
8320.000000 0.0634882
8321.000000 0.0640679
8322.000000 0.0646475
8323.000000 0.0652267
8324.000000 0.0658057
8325.000000 0.0663845
8326.000000 0.066963
8327.000000 0.0675413
8328.000000 0.0681194
8329.000000 0.0686972
8330.000000 0.0692747
8331.000000 0.0696417
8332.000000 0.0700087
8333.000000 0.0703753
8334.000000 0.0707419
8335.000000 0.0711082
8336.000000 0.0714742
8337.000000 0.07184
8338.000000 0.0722057
8339.000000 0.0725711
8340.000000 0.0729364
8341.000000 0.0733204
8342.000000 0.0737041
8343.000000 0.0740876
8344.000000 0.0744709
8345.000000 0.0748541
8346.000000 0.0752371
8347.000000 0.0756199
8348.000000 0.0760026
8349.000000 0.0763853
8350.000000 0.0767677
8351.000000 0.0769902
8352.000000 0.0772126
8353.000000 0.0774349
8354.000000 0.0776571
8355.000000 0.0778792
8356.000000 0.0781011
8357.000000 0.0783232
8358.000000 0.078545
8359.000000 0.0787668
8360.000000 0.0789883
8361.000000 0.0795275
8362.000000 0.0800665
8363.000000 0.0806054
8364.000000 0.0811439
8365.000000 0.0816824
8366.000000 0.0822204
8367.000000 0.0827583
8368.000000 0.0832957
8369.000000 0.083833
8370.000000 0.0843702
8371.000000 0.0845895
8372.000000 0.0848081
8373.000000 0.0850269
8374.000000 0.0852459
8375.000000 0.0854643
8376.000000 0.0856825
8377.000000 0.0859007
8378.000000 0.0861192
8379.000000 0.0863374
8380.000000 0.0865553
8381.000000 0.0868673
8382.000000 0.087179
8383.000000 0.0874903
8384.000000 0.0878014
8385.000000 0.0881126
8386.000000 0.0884238
8387.000000 0.0887343
8388.000000 0.0890452
8389.000000 0.0893557
8390.000000 0.0896657
8391.000000 0.0898837
8392.000000 0.0901015
8393.000000 0.0903187
8394.000000 0.0905365
8395.000000 0.0907541
8396.000000 0.0909714
8397.000000 0.0911887
8398.000000 0.0914056
8399.000000 0.0916224
8400.000000 0.0918393
8401.000000 0.0923437
8402.000000 0.0928478
8403.000000 0.0933514
8404.000000 0.0938547
8405.000000 0.0943585
8406.000000 0.0948617
8407.000000 0.095365
8408.000000 0.0958678
8409.000000 0.0963709
8410.000000 0.096873
8411.000000 0.0970752
8412.000000 0.0972776
8413.000000 0.0974797
8414.000000 0.0976817
8415.000000 0.0978837
8416.000000 0.0980859
8417.000000 0.0982877
8418.000000 0.0984898
8419.000000 0.0986911
8420.000000 0.0988926
8421.000000 0.0988594
8422.000000 0.0988261
8423.000000 0.0987929
8424.000000 0.0987595
8425.000000 0.0987263
8426.000000 0.0986932
8427.000000 0.09866
8428.000000 0.0986264
8429.000000 0.098593
8430.000000 0.09856
8431.000000 0.099167
8432.000000 0.0997738
8433.000000 0.100381
8434.000000 0.100987
8435.000000 0.101593
8436.000000 0.102199
8437.000000 0.102805
8438.000000 0.10341
8439.000000 0.104015
8440.000000 0.104621
8441.000000 0.10476
8442.000000 0.1049
8443.000000 0.10504
8444.000000 0.105179
8445.000000 0.105318
8446.000000 0.105458
8447.000000 0.105597
8448.000000 0.105737
8449.000000 0.105876
8450.000000 0.106015
8451.000000 0.106089
8452.000000 0.106163
8453.000000 0.106238
8454.000000 0.106311
8455.000000 0.106385
8456.000000 0.106459
8457.000000 0.106533
8458.000000 0.106607
8459.000000 0.106681
8460.000000 0.106755
8461.000000 0.107125
8462.000000 0.107495
8463.000000 0.107865
8464.000000 0.108235
8465.000000 0.108605
8466.000000 0.108974
8467.000000 0.109344
8468.000000 0.109713
8469.000000 0.110083
8470.000000 0.110452
8471.000000 0.110697
8472.000000 0.110943
8473.000000 0.111189
8474.000000 0.111435
8475.000000 0.11168
8476.000000 0.111926
8477.000000 0.112171
8478.000000 0.112416
8479.000000 0.112661
8480.000000 0.112906
8481.000000 0.113086
8482.000000 0.113265
8483.000000 0.113444
8484.000000 0.113623
8485.000000 0.113802
8486.000000 0.113981
8487.000000 0.114159
8488.000000 0.114338
8489.000000 0.114517
8490.000000 0.114695
8491.000000 0.114847
8492.000000 0.114999
8493.000000 0.115151
8494.000000 0.115302
8495.000000 0.115454
8496.000000 0.115605
8497.000000 0.115757
8498.000000 0.115908
8499.000000 0.116059
8500.000000 0.116211
8501.000000 0.116374
8502.000000 0.116538
8503.000000 0.116702
8504.000000 0.116866
8505.000000 0.11703
8506.000000 0.117193
8507.000000 0.117357
8508.000000 0.11752
8509.000000 0.117684
8510.000000 0.117847
8511.000000 0.118073
8512.000000 0.118298
8513.000000 0.118523
8514.000000 0.118749
8515.000000 0.118974
8516.000000 0.1192
8517.000000 0.119425
8518.000000 0.11965
8519.000000 0.119874
8520.000000 0.120099
8521.000000 0.120217
8522.000000 0.120334
8523.000000 0.120451
8524.000000 0.120568
8525.000000 0.120686
8526.000000 0.120803
8527.000000 0.12092
8528.000000 0.121036
8529.000000 0.121154
8530.000000 0.12127
8531.000000 0.121434
8532.000000 0.121597
8533.000000 0.12176
8534.000000 0.121924
8535.000000 0.122086
8536.000000 0.12225
8537.000000 0.122413
8538.000000 0.122576
8539.000000 0.122739
8540.000000 0.122901
8541.000000 0.123003
8542.000000 0.123104
8543.000000 0.123205
8544.000000 0.123306
8545.000000 0.123407
8546.000000 0.123508
8547.000000 0.12361
8548.000000 0.12371
8549.000000 0.123811
8550.000000 0.123912
8551.000000 0.123951
8552.000000 0.12399
8553.000000 0.124029
8554.000000 0.124068
8555.000000 0.124106
8556.000000 0.124145
8557.000000 0.124184
8558.000000 0.124222
8559.000000 0.124261
8560.000000 0.1243
8561.000000 0.124462
8562.000000 0.124624
8563.000000 0.124786
8564.000000 0.124948
8565.000000 0.12511
8566.000000 0.125272
8567.000000 0.125434
8568.000000 0.125595
8569.000000 0.125757
8570.000000 0.125918
8571.000000 0.126019
8572.000000 0.12612
8573.000000 0.126221
8574.000000 0.126322
8575.000000 0.126423
8576.000000 0.126524
8577.000000 0.126624
8578.000000 0.126724
8579.000000 0.126825
8580.000000 0.126925
8581.000000 0.126992
8582.000000 0.127059
8583.000000 0.127125
8584.000000 0.127191
8585.000000 0.127257
8586.000000 0.127324
8587.000000 0.12739
8588.000000 0.127455
8589.000000 0.127522
8590.000000 0.127588
8591.000000 0.127657
8592.000000 0.127727
8593.000000 0.127796
8594.000000 0.127865
8595.000000 0.127935
8596.000000 0.128004
8597.000000 0.128074
8598.000000 0.128143
8599.000000 0.128211
8600.000000 0.128281
8601.000000 0.128582
8602.000000 0.128882
8603.000000 0.129183
8604.000000 0.129484
8605.000000 0.129784
8606.000000 0.130085
8607.000000 0.130386
8608.000000 0.130686
8609.000000 0.130986
8610.000000 0.131287
8611.000000 0.131211
8612.000000 0.131136
8613.000000 0.13106
8614.000000 0.130984
8615.000000 0.130908
8616.000000 0.130833
8617.000000 0.130757
8618.000000 0.130681
8619.000000 0.130605
8620.000000 0.130529
8621.000000 0.130694
8622.000000 0.130859
8623.000000 0.131025
8624.000000 0.13119
8625.000000 0.131355
8626.000000 0.13152
8627.000000 0.131685
8628.000000 0.13185
8629.000000 0.132015
8630.000000 0.13218
8631.000000 0.131995
8632.000000 0.13181
8633.000000 0.131626
8634.000000 0.13144
8635.000000 0.131255
8636.000000 0.13107
8637.000000 0.130886
8638.000000 0.1307
8639.000000 0.130516
8640.000000 0.13033
8641.000000 0.130587
8642.000000 0.130844
8643.000000 0.1311
8644.000000 0.131357
8645.000000 0.131614
8646.000000 0.13187
8647.000000 0.132126
8648.000000 0.132383
8649.000000 0.132639
8650.000000 0.132896
8651.000000 0.132909
8652.000000 0.132921
8653.000000 0.132934
8654.000000 0.132947
8655.000000 0.132959
8656.000000 0.132972
8657.000000 0.132985
8658.000000 0.132997
8659.000000 0.13301
8660.000000 0.133022
8661.000000 0.133141
8662.000000 0.13326
8663.000000 0.133378
8664.000000 0.133496
8665.000000 0.133615
8666.000000 0.133734
8667.000000 0.133852
8668.000000 0.13397
8669.000000 0.134089
8670.000000 0.134207
8671.000000 0.134204
8672.000000 0.1342
8673.000000 0.134197
8674.000000 0.134194
8675.000000 0.13419
8676.000000 0.134187
8677.000000 0.134183
8678.000000 0.13418
8679.000000 0.134177
8680.000000 0.134173
8681.000000 0.13429
8682.000000 0.134406
8683.000000 0.134522
8684.000000 0.134639
8685.000000 0.134756
8686.000000 0.134872
8687.000000 0.134988
8688.000000 0.135104
8689.000000 0.13522
8690.000000 0.135337
8691.000000 0.135331
8692.000000 0.135324
8693.000000 0.135318
8694.000000 0.135312
8695.000000 0.135306
8696.000000 0.1353
8697.000000 0.135293
8698.000000 0.135287
8699.000000 0.13528
8700.000000 0.135274
8701.000000 0.135391
8702.000000 0.135509
8703.000000 0.135626
8704.000000 0.135743
8705.000000 0.13586
8706.000000 0.135978
8707.000000 0.136094
8708.000000 0.136211
8709.000000 0.136329
8710.000000 0.136446
8711.000000 0.136428
8712.000000 0.136411
8713.000000 0.136394
8714.000000 0.136377
8715.000000 0.136359
8716.000000 0.136341
8717.000000 0.136324
8718.000000 0.136307
8719.000000 0.136289
8720.000000 0.136271
8721.000000 0.136308
8722.000000 0.136345
8723.000000 0.136381
8724.000000 0.136418
8725.000000 0.136455
8726.000000 0.136491
8727.000000 0.136528
8728.000000 0.136564
8729.000000 0.1366
8730.000000 0.136637
8731.000000 0.136647
8732.000000 0.136658
8733.000000 0.136668
8734.000000 0.136679
8735.000000 0.13669
8736.000000 0.1367
8737.000000 0.13671
8738.000000 0.13672
8739.000000 0.136731
8740.000000 0.136741
8741.000000 0.136884
8742.000000 0.137028
8743.000000 0.137172
8744.000000 0.137315
8745.000000 0.137458
8746.000000 0.137601
8747.000000 0.137744
8748.000000 0.137888
8749.000000 0.13803
8750.000000 0.138173
8751.000000 0.138121
8752.000000 0.138069
8753.000000 0.138017
8754.000000 0.137964
8755.000000 0.137913
8756.000000 0.13786
8757.000000 0.137808
8758.000000 0.137755
8759.000000 0.137702
8760.000000 0.13765
8761.000000 0.137732
8762.000000 0.137814
8763.000000 0.137896
8764.000000 0.137978
8765.000000 0.138059
8766.000000 0.138141
8767.000000 0.138223
8768.000000 0.138305
8769.000000 0.138386
8770.000000 0.138467
8771.000000 0.138444
8772.000000 0.13842
8773.000000 0.138396
8774.000000 0.138373
8775.000000 0.138349
8776.000000 0.138325
8777.000000 0.138301
8778.000000 0.138277
8779.000000 0.138253
8780.000000 0.138229
8781.000000 0.13828
8782.000000 0.138332
8783.000000 0.138382
8784.000000 0.138433
8785.000000 0.138484
8786.000000 0.138535
8787.000000 0.138586
8788.000000 0.138637
8789.000000 0.138687
8790.000000 0.138738
8791.000000 0.138759
8792.000000 0.138779
8793.000000 0.138799
8794.000000 0.138819
8795.000000 0.13884
8796.000000 0.13886
8797.000000 0.138879
8798.000000 0.1389
8799.000000 0.13892
8800.000000 0.138939
8801.000000 0.138911
8802.000000 0.138881
8803.000000 0.138852
8804.000000 0.138823
8805.000000 0.138793
8806.000000 0.138763
8807.000000 0.138734
8808.000000 0.138704
8809.000000 0.138674
8810.000000 0.138645
8811.000000 0.138692
8812.000000 0.138738
8813.000000 0.138785
8814.000000 0.138832
8815.000000 0.138878
8816.000000 0.138924
8817.000000 0.138971
8818.000000 0.139017
8819.000000 0.139063
8820.000000 0.139109
8821.000000 0.138975
8822.000000 0.138841
8823.000000 0.138707
8824.000000 0.138573
8825.000000 0.138438
8826.000000 0.138305
8827.000000 0.13817
8828.000000 0.138035
8829.000000 0.137901
8830.000000 0.137767
8831.000000 0.137782
8832.000000 0.137798
8833.000000 0.137814
8834.000000 0.13783
8835.000000 0.137845
8836.000000 0.13786
8837.000000 0.137876
8838.000000 0.137892
8839.000000 0.137906
8840.000000 0.137921
8841.000000 0.13807
8842.000000 0.138218
8843.000000 0.138366
8844.000000 0.138515
8845.000000 0.138663
8846.000000 0.138811
8847.000000 0.138959
8848.000000 0.139106
8849.000000 0.139254
8850.000000 0.139402
8851.000000 0.139403
8852.000000 0.139404
8853.000000 0.139406
8854.000000 0.139406
8855.000000 0.139407
8856.000000 0.139408
8857.000000 0.139409
8858.000000 0.13941
8859.000000 0.139411
8860.000000 0.139411
8861.000000 0.139398
8862.000000 0.139383
8863.000000 0.139369
8864.000000 0.139355
8865.000000 0.139341
8866.000000 0.139327
8867.000000 0.139312
8868.000000 0.139297
8869.000000 0.139283
8870.000000 0.139269
8871.000000 0.139264
8872.000000 0.139258
8873.000000 0.139253
8874.000000 0.139248
8875.000000 0.139242
8876.000000 0.139236
8877.000000 0.139231
8878.000000 0.139225
8879.000000 0.13922
8880.000000 0.139213
8881.000000 0.139227
8882.000000 0.139241
8883.000000 0.139255
8884.000000 0.139268
8885.000000 0.139282
8886.000000 0.139295
8887.000000 0.139308
8888.000000 0.139321
8889.000000 0.139335
8890.000000 0.139348
8891.000000 0.139355
8892.000000 0.139362
8893.000000 0.139369
8894.000000 0.139375
8895.000000 0.139383
8896.000000 0.139389
8897.000000 0.139396
8898.000000 0.139402
8899.000000 0.139408
8900.000000 0.139415
8901.000000 0.139397
8902.000000 0.139379
8903.000000 0.139362
8904.000000 0.139344
8905.000000 0.139326
8906.000000 0.139308
8907.000000 0.139289
8908.000000 0.139271
8909.000000 0.139254
8910.000000 0.139235
8911.000000 0.139157
8912.000000 0.139078
8913.000000 0.138999
8914.000000 0.138921
8915.000000 0.138842
8916.000000 0.138763
8917.000000 0.138685
8918.000000 0.138605
8919.000000 0.138526
8920.000000 0.138448
8921.000000 0.138499
8922.000000 0.13855
8923.000000 0.138601
8924.000000 0.138653
8925.000000 0.138704
8926.000000 0.138755
8927.000000 0.138806
8928.000000 0.138857
8929.000000 0.138907
8930.000000 0.138958
8931.000000 0.138996
8932.000000 0.139034
8933.000000 0.139072
8934.000000 0.13911
8935.000000 0.139147
8936.000000 0.139185
8937.000000 0.139223
8938.000000 0.13926
8939.000000 0.139297
8940.000000 0.139335
8941.000000 0.139299
8942.000000 0.139263
8943.000000 0.139228
8944.000000 0.139192
8945.000000 0.139157
8946.000000 0.139121
8947.000000 0.139085
8948.000000 0.139049
8949.000000 0.139013
8950.000000 0.138977
8951.000000 0.138938
8952.000000 0.1389
8953.000000 0.138862
8954.000000 0.138823
8955.000000 0.138785
8956.000000 0.138747
8957.000000 0.138708
8958.000000 0.13867
8959.000000 0.138631
8960.000000 0.138592
8961.000000 0.138615
8962.000000 0.138637
8963.000000 0.138659
8964.000000 0.138681
8965.000000 0.138703
8966.000000 0.138725
8967.000000 0.138748
8968.000000 0.138769
8969.000000 0.138792
8970.000000 0.138813
8971.000000 0.138757
8972.000000 0.138701
8973.000000 0.138645
8974.000000 0.138589
8975.000000 0.138532
8976.000000 0.138477
8977.000000 0.13842
8978.000000 0.138364
8979.000000 0.138308
8980.000000 0.138251
8981.000000 0.1383
8982.000000 0.138347
8983.000000 0.138395
8984.000000 0.138442
8985.000000 0.13849
8986.000000 0.138537
8987.000000 0.138584
8988.000000 0.138632
8989.000000 0.138678
8990.000000 0.138725
8991.000000 0.138699
8992.000000 0.138674
8993.000000 0.138648
8994.000000 0.138622
8995.000000 0.138597
8996.000000 0.13857
8997.000000 0.138544
8998.000000 0.138518
8999.000000 0.138492
9000.000000 0.138465
9001.000000 0.13847
9002.000000 0.138474
9003.000000 0.138478
9004.000000 0.138481
9005.000000 0.138486
9006.000000 0.138489
9007.000000 0.138493
9008.000000 0.138496
9009.000000 0.1385
9010.000000 0.138503
9011.000000 0.138395
9012.000000 0.138286
9013.000000 0.138178
9014.000000 0.13807
9015.000000 0.137962
9016.000000 0.137854
9017.000000 0.137746
9018.000000 0.137637
9019.000000 0.137529
9020.000000 0.137421
9021.000000 0.13745
9022.000000 0.13748
9023.000000 0.137509
9024.000000 0.137539
9025.000000 0.137568
9026.000000 0.137598
9027.000000 0.137626
9028.000000 0.137656
9029.000000 0.137685
9030.000000 0.137713
9031.000000 0.137636
9032.000000 0.137557
9033.000000 0.137479
9034.000000 0.1374
9035.000000 0.137321
9036.000000 0.137242
9037.000000 0.137163
9038.000000 0.137083
9039.000000 0.137004
9040.000000 0.136925
9041.000000 0.136926
9042.000000 0.136926
9043.000000 0.136927
9044.000000 0.136927
9045.000000 0.136927
9046.000000 0.136928
9047.000000 0.136927
9048.000000 0.136927
9049.000000 0.136927
9050.000000 0.136927
9051.000000 0.136878
9052.000000 0.136829
9053.000000 0.136779
9054.000000 0.13673
9055.000000 0.136681
9056.000000 0.136632
9057.000000 0.136582
9058.000000 0.136533
9059.000000 0.136484
9060.000000 0.136434
9061.000000 0.136414
9062.000000 0.136394
9063.000000 0.136374
9064.000000 0.136355
9065.000000 0.136335
9066.000000 0.136315
9067.000000 0.136294
9068.000000 0.136274
9069.000000 0.136253
9070.000000 0.136233
9071.000000 0.136211
9072.000000 0.136191
9073.000000 0.136169
9074.000000 0.136147
9075.000000 0.136124
9076.000000 0.136103
9077.000000 0.136081
9078.000000 0.136058
9079.000000 0.136036
9080.000000 0.136014
9081.000000 0.136022
9082.000000 0.136029
9083.000000 0.136036
9084.000000 0.136043
9085.000000 0.13605
9086.000000 0.136057
9087.000000 0.136064
9088.000000 0.136071
9089.000000 0.136077
9090.000000 0.136084
9091.000000 0.135979
9092.000000 0.135875
9093.000000 0.13577
9094.000000 0.135666
9095.000000 0.135561
9096.000000 0.135456
9097.000000 0.135351
9098.000000 0.135246
9099.000000 0.135142
9100.000000 0.135037
9101.000000 0.13507
9102.000000 0.135102
9103.000000 0.135135
9104.000000 0.135167
9105.000000 0.1352
9106.000000 0.135232
9107.000000 0.135264
9108.000000 0.135296
9109.000000 0.135328
9110.000000 0.13536
9111.000000 0.135297
9112.000000 0.135235
9113.000000 0.135172
9114.000000 0.135109
9115.000000 0.135047
9116.000000 0.134984
9117.000000 0.134921
9118.000000 0.134859
9119.000000 0.134795
9120.000000 0.134733
9121.000000 0.134736
9122.000000 0.134741
9123.000000 0.134744
9124.000000 0.134749
9125.000000 0.134752
9126.000000 0.134756
9127.000000 0.134759
9128.000000 0.134763
9129.000000 0.134766
9130.000000 0.13477
9131.000000 0.134675
9132.000000 0.134582
9133.000000 0.134488
9134.000000 0.134393
9135.000000 0.134299
9136.000000 0.134205
9137.000000 0.134111
9138.000000 0.134016
9139.000000 0.133922
9140.000000 0.133828
9141.000000 0.13383
9142.000000 0.133833
9143.000000 0.133835
9144.000000 0.133838
9145.000000 0.133839
9146.000000 0.133842
9147.000000 0.133843
9148.000000 0.133845
9149.000000 0.133847
9150.000000 0.133848
9151.000000 0.133795
9152.000000 0.133742
9153.000000 0.133688
9154.000000 0.133635
9155.000000 0.133581
9156.000000 0.133528
9157.000000 0.133474
9158.000000 0.13342
9159.000000 0.133365
9160.000000 0.133312
9161.000000 0.133425
9162.000000 0.133539
9163.000000 0.133652
9164.000000 0.133765
9165.000000 0.133878
9166.000000 0.13399
9167.000000 0.134103
9168.000000 0.134215
9169.000000 0.134328
9170.000000 0.13444
9171.000000 0.134215
9172.000000 0.133992
9173.000000 0.133768
9174.000000 0.133545
9175.000000 0.13332
9176.000000 0.133097
9177.000000 0.132874
9178.000000 0.13265
9179.000000 0.132426
9180.000000 0.132202
9181.000000 0.132204
9182.000000 0.132206
9183.000000 0.132207
9184.000000 0.132209
9185.000000 0.132211
9186.000000 0.132212
9187.000000 0.132214
9188.000000 0.132215
9189.000000 0.132216
9190.000000 0.132216
9191.000000 0.132172
9192.000000 0.132128
9193.000000 0.132084
9194.000000 0.13204
9195.000000 0.131995
9196.000000 0.131951
9197.000000 0.131906
9198.000000 0.131862
9199.000000 0.131818
9200.000000 0.131773
9201.000000 0.131772
9202.000000 0.131772
9203.000000 0.131771
9204.000000 0.13177
9205.000000 0.131768
9206.000000 0.131768
9207.000000 0.131767
9208.000000 0.131765
9209.000000 0.131764
9210.000000 0.131762
9211.000000 0.131621
9212.000000 0.131479
9213.000000 0.131337
9214.000000 0.131196
9215.000000 0.131054
9216.000000 0.130912
9217.000000 0.130771
9218.000000 0.13063
9219.000000 0.130488
9220.000000 0.130347
9221.000000 0.13036
9222.000000 0.130372
9223.000000 0.130386
9224.000000 0.130398
9225.000000 0.130411
9226.000000 0.130424
9227.000000 0.130436
9228.000000 0.130448
9229.000000 0.130461
9230.000000 0.130472
9231.000000 0.130384
9232.000000 0.130296
9233.000000 0.130208
9234.000000 0.13012
9235.000000 0.130031
9236.000000 0.129943
9237.000000 0.129855
9238.000000 0.129766
9239.000000 0.129678
9240.000000 0.129589
9241.000000 0.129563
9242.000000 0.129537
9243.000000 0.12951
9244.000000 0.129483
9245.000000 0.129456
9246.000000 0.12943
9247.000000 0.129403
9248.000000 0.129376
9249.000000 0.129349
9250.000000 0.129321
9251.000000 0.129205
9252.000000 0.129089
9253.000000 0.128972
9254.000000 0.128856
9255.000000 0.12874
9256.000000 0.128623
9257.000000 0.128506
9258.000000 0.12839
9259.000000 0.128274
9260.000000 0.128157
9261.000000 0.128179
9262.000000 0.128199
9263.000000 0.12822
9264.000000 0.128241
9265.000000 0.128262
9266.000000 0.128283
9267.000000 0.128304
9268.000000 0.128324
9269.000000 0.128344
9270.000000 0.128364
9271.000000 0.1283
9272.000000 0.128237
9273.000000 0.128173
9274.000000 0.128108
9275.000000 0.128045
9276.000000 0.127982
9277.000000 0.127918
9278.000000 0.127853
9279.000000 0.12779
9280.000000 0.127725
9281.000000 0.127675
9282.000000 0.127625
9283.000000 0.127575
9284.000000 0.127525
9285.000000 0.127475
9286.000000 0.127425
9287.000000 0.127375
9288.000000 0.127324
9289.000000 0.127274
9290.000000 0.127222
9291.000000 0.127171
9292.000000 0.127121
9293.000000 0.127069
9294.000000 0.127017
9295.000000 0.126966
9296.000000 0.126915
9297.000000 0.126862
9298.000000 0.126811
9299.000000 0.126759
9300.000000 0.126707
9301.000000 0.126635
9302.000000 0.126563
9303.000000 0.12649
9304.000000 0.126418
9305.000000 0.126346
9306.000000 0.126274
9307.000000 0.126201
9308.000000 0.126128
9309.000000 0.126055
9310.000000 0.125982
9311.000000 0.125852
9312.000000 0.125721
9313.000000 0.125591
9314.000000 0.12546
9315.000000 0.12533
9316.000000 0.125199
9317.000000 0.125069
9318.000000 0.124938
9319.000000 0.124807
9320.000000 0.124677
9321.000000 0.12465
9322.000000 0.124622
9323.000000 0.124594
9324.000000 0.124567
9325.000000 0.124538
9326.000000 0.12451
9327.000000 0.124483
9328.000000 0.124454
9329.000000 0.124425
9330.000000 0.124397
9331.000000 0.124369
9332.000000 0.124342
9333.000000 0.124315
9334.000000 0.124287
9335.000000 0.12426
9336.000000 0.124232
9337.000000 0.124203
9338.000000 0.124175
9339.000000 0.124147
9340.000000 0.124119
9341.000000 0.124037
9342.000000 0.123955
9343.000000 0.123873
9344.000000 0.123791
9345.000000 0.123709
9346.000000 0.123627
9347.000000 0.123545
9348.000000 0.123462
9349.000000 0.12338
9350.000000 0.123297
9351.000000 0.123204
9352.000000 0.123109
9353.000000 0.123015
9354.000000 0.122921
9355.000000 0.122826
9356.000000 0.122732
9357.000000 0.122637
9358.000000 0.122543
9359.000000 0.122449
9360.000000 0.122354
9361.000000 0.122322
9362.000000 0.12229
9363.000000 0.122259
9364.000000 0.122226
9365.000000 0.122193
9366.000000 0.122161
9367.000000 0.122129
9368.000000 0.122096
9369.000000 0.122064
9370.000000 0.12203
9371.000000 0.121935
9372.000000 0.121839
9373.000000 0.121743
9374.000000 0.121648
9375.000000 0.121551
9376.000000 0.121455
9377.000000 0.12136
9378.000000 0.121264
9379.000000 0.121167
9380.000000 0.121071
9381.000000 0.121028
9382.000000 0.120984
9383.000000 0.120939
9384.000000 0.120896
9385.000000 0.120851
9386.000000 0.120807
9387.000000 0.120763
9388.000000 0.120718
9389.000000 0.120673
9390.000000 0.120629
9391.000000 0.120481
9392.000000 0.120333
9393.000000 0.120185
9394.000000 0.120037
9395.000000 0.119889
9396.000000 0.119741
9397.000000 0.119594
9398.000000 0.119446
9399.000000 0.119298
9400.000000 0.11915
9401.000000 0.1191
9402.000000 0.11905
9403.000000 0.119
9404.000000 0.118949
9405.000000 0.118898
9406.000000 0.118847
9407.000000 0.118796
9408.000000 0.118745
9409.000000 0.118694
9410.000000 0.118642
9411.000000 0.118492
9412.000000 0.118341
9413.000000 0.118191
9414.000000 0.11804
9415.000000 0.11789
9416.000000 0.11774
9417.000000 0.11759
9418.000000 0.117439
9419.000000 0.117289
9420.000000 0.117139
9421.000000 0.117085
9422.000000 0.117032
9423.000000 0.116978
9424.000000 0.116923
9425.000000 0.11687
9426.000000 0.116815
9427.000000 0.116761
9428.000000 0.116707
9429.000000 0.116652
9430.000000 0.116597
9431.000000 0.116495
9432.000000 0.116393
9433.000000 0.116291
9434.000000 0.11619
9435.000000 0.116087
9436.000000 0.115984
9437.000000 0.115882
9438.000000 0.115779
9439.000000 0.115677
9440.000000 0.115575
9441.000000 0.115494
9442.000000 0.115415
9443.000000 0.115335
9444.000000 0.115255
9445.000000 0.115175
9446.000000 0.115094
9447.000000 0.115015
9448.000000 0.114934
9449.000000 0.114853
9450.000000 0.114773
9451.000000 0.114619
9452.000000 0.114466
9453.000000 0.114313
9454.000000 0.11416
9455.000000 0.114007
9456.000000 0.113855
9457.000000 0.113702
9458.000000 0.113548
9459.000000 0.113395
9460.000000 0.113243
9461.000000 0.113161
9462.000000 0.113079
9463.000000 0.112996
9464.000000 0.112914
9465.000000 0.112832
9466.000000 0.112749
9467.000000 0.112666
9468.000000 0.112583
9469.000000 0.1125
9470.000000 0.112417
9471.000000 0.112327
9472.000000 0.112237
9473.000000 0.112147
9474.000000 0.112057
9475.000000 0.111966
9476.000000 0.111875
9477.000000 0.111785
9478.000000 0.111694
9479.000000 0.111602
9480.000000 0.111511
9481.000000 0.111415
9482.000000 0.111318
9483.000000 0.111222
9484.000000 0.111125
9485.000000 0.111028
9486.000000 0.11093
9487.000000 0.110834
9488.000000 0.110737
9489.000000 0.110639
9490.000000 0.110542
9491.000000 0.110411
9492.000000 0.110279
9493.000000 0.110148
9494.000000 0.110017
9495.000000 0.109886
9496.000000 0.109754
9497.000000 0.109623
9498.000000 0.109492
9499.000000 0.10936
9500.000000 0.109229
9501.000000 0.109092
9502.000000 0.108957
9503.000000 0.10882
9504.000000 0.108685
9505.000000 0.108548
9506.000000 0.108412
9507.000000 0.108275
9508.000000 0.108138
9509.000000 0.108002
9510.000000 0.107866
9511.000000 0.107727
9512.000000 0.107591
9513.000000 0.107452
9514.000000 0.107315
9515.000000 0.107177
9516.000000 0.107039
9517.000000 0.106901
9518.000000 0.106762
9519.000000 0.106624
9520.000000 0.106486
9521.000000 0.10635
9522.000000 0.106214
9523.000000 0.106079
9524.000000 0.105942
9525.000000 0.105807
9526.000000 0.10567
9527.000000 0.105533
9528.000000 0.105398
9529.000000 0.105262
9530.000000 0.105125
9531.000000 0.104985
9532.000000 0.104843
9533.000000 0.104701
9534.000000 0.104561
9535.000000 0.104419
9536.000000 0.104277
9537.000000 0.104136
9538.000000 0.103994
9539.000000 0.103853
9540.000000 0.103712
9541.000000 0.10364
9542.000000 0.103569
9543.000000 0.103496
9544.000000 0.103425
9545.000000 0.103352
9546.000000 0.103279
9547.000000 0.103207
9548.000000 0.103134
9549.000000 0.103061
9550.000000 0.102988
9551.000000 0.102914
9552.000000 0.102841
9553.000000 0.102766
9554.000000 0.102691
9555.000000 0.102618
9556.000000 0.102544
9557.000000 0.102468
9558.000000 0.102393
9559.000000 0.102318
9560.000000 0.102243
9561.000000 0.102164
9562.000000 0.102086
9563.000000 0.102008
9564.000000 0.101929
9565.000000 0.101851
9566.000000 0.101771
9567.000000 0.101693
9568.000000 0.101613
9569.000000 0.101534
9570.000000 0.101455
9571.000000 0.101379
9572.000000 0.101303
9573.000000 0.101227
9574.000000 0.101151
9575.000000 0.101074
9576.000000 0.100998
9577.000000 0.100922
9578.000000 0.100844
9579.000000 0.100768
9580.000000 0.10069
9581.000000 0.100566
9582.000000 0.10044
9583.000000 0.100316
9584.000000 0.10019
9585.000000 0.100066
9586.000000 0.0999406
9587.000000 0.099815
9588.000000 0.0996903
9589.000000 0.0995646
9590.000000 0.0994388
9591.000000 0.0993107
9592.000000 0.0991826
9593.000000 0.0990539
9594.000000 0.0989262
9595.000000 0.0987974
9596.000000 0.0986691
9597.000000 0.0985407
9598.000000 0.0984122
9599.000000 0.0982827
9600.000000 0.0981541
9601.000000 0.09802
9602.000000 0.0978868
9603.000000 0.0977521
9604.000000 0.0976198
9605.000000 0.0974855
9606.000000 0.097352
9607.000000 0.0972176
9608.000000 0.0970836
9609.000000 0.096949
9610.000000 0.0968154
9611.000000 0.0966808
9612.000000 0.0965471
9613.000000 0.096412
9614.000000 0.0962787
9615.000000 0.0961434
9616.000000 0.0960095
9617.000000 0.0958751
9618.000000 0.0957406
9619.000000 0.0956056
9620.000000 0.0954709
9621.000000 0.0953546
9622.000000 0.0952391
9623.000000 0.095123
9624.000000 0.0950068
9625.000000 0.09489
9626.000000 0.0947741
9627.000000 0.0946571
9628.000000 0.094541
9629.000000 0.0944243
9630.000000 0.0943069
9631.000000 0.0941925
9632.000000 0.0940775
9633.000000 0.0939629
9634.000000 0.0938487
9635.000000 0.0937328
9636.000000 0.0936179
9637.000000 0.0935028
9638.000000 0.0933871
9639.000000 0.0932723
9640.000000 0.0931569
9641.000000 0.0930413
9642.000000 0.0929255
9643.000000 0.0928092
9644.000000 0.0926933
9645.000000 0.0925772
9646.000000 0.0924606
9647.000000 0.0923453
9648.000000 0.0922279
9649.000000 0.0921123
9650.000000 0.0919952
9651.000000 0.0918739
9652.000000 0.091753
9653.000000 0.091631
9654.000000 0.0915109
9655.000000 0.0913892
9656.000000 0.0912679
9657.000000 0.091146
9658.000000 0.0910254
9659.000000 0.0909033
9660.000000 0.0907815
9661.000000 0.0906403
9662.000000 0.0904987
9663.000000 0.0903579
9664.000000 0.0902166
9665.000000 0.0900747
9666.000000 0.0899328
9667.000000 0.0897914
9668.000000 0.0896499
9669.000000 0.0895083
9670.000000 0.0893667
9671.000000 0.0892238
9672.000000 0.0890818
9673.000000 0.0889393
9674.000000 0.0887958
9675.000000 0.0886537
9676.000000 0.088511
9677.000000 0.0883683
9678.000000 0.0882251
9679.000000 0.0880823
9680.000000 0.0879399
9681.000000 0.0877952
9682.000000 0.0876518
9683.000000 0.0875075
9684.000000 0.0873645
9685.000000 0.0872201
9686.000000 0.0870761
9687.000000 0.086932
9688.000000 0.0867879
9689.000000 0.0866438
9690.000000 0.0864996
9691.000000 0.0863575
9692.000000 0.0862163
9693.000000 0.086074
9694.000000 0.0859327
9695.000000 0.0857904
9696.000000 0.0856485
9697.000000 0.0855065
9698.000000 0.0853645
9699.000000 0.0852225
9700.000000 0.0850809
9701.000000 0.0849547
9702.000000 0.084829
9703.000000 0.0847032
9704.000000 0.0845773
9705.000000 0.0844513
9706.000000 0.0843251
9707.000000 0.0841989
9708.000000 0.084072
9709.000000 0.0839461
9710.000000 0.083819
9711.000000 0.0836963
9712.000000 0.083572
9713.000000 0.0834476
9714.000000 0.0833245
9715.000000 0.0832003
9716.000000 0.0830765
9717.000000 0.0829516
9718.000000 0.0828276
9719.000000 0.082703
9720.000000 0.0825783
9721.000000 0.0824542
9722.000000 0.0823294
9723.000000 0.0822036
9724.000000 0.0820796
9725.000000 0.0819541
9726.000000 0.0818294
9727.000000 0.0817036
9728.000000 0.0815786
9729.000000 0.0814531
9730.000000 0.0813275
9731.000000 0.0811977
9732.000000 0.0810674
9733.000000 0.0809365
9734.000000 0.0808064
9735.000000 0.0806758
9736.000000 0.0805451
9737.000000 0.0804148
9738.000000 0.0802833
9739.000000 0.0801528
9740.000000 0.0800222
9741.000000 0.079885
9742.000000 0.0797468
9743.000000 0.0796095
9744.000000 0.0794726
9745.000000 0.0793342
9746.000000 0.0791966
9747.000000 0.0790585
9748.000000 0.0789203
9749.000000 0.078782
9750.000000 0.0786442
9751.000000 0.0785046
9752.000000 0.0783645
9753.000000 0.0782248
9754.000000 0.0780845
9755.000000 0.0779442
9756.000000 0.0778047
9757.000000 0.0776638
9758.000000 0.0775242
9759.000000 0.0773841
9760.000000 0.0772434
9761.000000 0.0771042
9762.000000 0.0769641
9763.000000 0.0768238
9764.000000 0.0766845
9765.000000 0.0765436
9766.000000 0.0764041
9767.000000 0.076264
9768.000000 0.0761239
9769.000000 0.0759832
9770.000000 0.0758429
9771.000000 0.0757037
9772.000000 0.0755633
9773.000000 0.0754244
9774.000000 0.0752839
9775.000000 0.0751443
9776.000000 0.0750037
9777.000000 0.0748634
9778.000000 0.0747236
9779.000000 0.0745833
9780.000000 0.0744433
9781.000000 0.0743111
9782.000000 0.0741793
9783.000000 0.0740464
9784.000000 0.0739143
9785.000000 0.0737817
9786.000000 0.0736505
9787.000000 0.0735171
9788.000000 0.0733841
9789.000000 0.0732516
9790.000000 0.0731184
9791.000000 0.0729852
9792.000000 0.0728519
9793.000000 0.0727185
9794.000000 0.072585
9795.000000 0.0724513
9796.000000 0.0723176
9797.000000 0.0721838
9798.000000 0.0720493
9799.000000 0.0719158
9800.000000 0.0717811
9801.000000 0.0716749
9802.000000 0.0715696
9803.000000 0.0714633
9804.000000 0.0713574
9805.000000 0.0712499
9806.000000 0.0711439
9807.000000 0.0710383
9808.000000 0.0709316
9809.000000 0.0708248
9810.000000 0.0707185
9811.000000 0.0706141
9812.000000 0.0705101
9813.000000 0.0704066
9814.000000 0.070302
9815.000000 0.0701973
9816.000000 0.070093
9817.000000 0.0699881
9818.000000 0.0698842
9819.000000 0.0697797
9820.000000 0.0696746
9821.000000 0.0695507
9822.000000 0.0694268
9823.000000 0.0693029
9824.000000 0.069179
9825.000000 0.069055
9826.000000 0.0689306
9827.000000 0.0688066
9828.000000 0.0686836
9829.000000 0.0685591
9830.000000 0.0684346
9831.000000 0.0683094
9832.000000 0.0681852
9833.000000 0.0680595
9834.000000 0.0679343
9835.000000 0.0678096
9836.000000 0.0676844
9837.000000 0.0675591
9838.000000 0.0674338
9839.000000 0.0673091
9840.000000 0.0671833
9841.000000 0.06706
9842.000000 0.0669362
9843.000000 0.0668118
9844.000000 0.0666875
9845.000000 0.0665631
9846.000000 0.0664387
9847.000000 0.0663153
9848.000000 0.0661904
9849.000000 0.0660669
9850.000000 0.065943
9851.000000 0.0658189
9852.000000 0.0656959
9853.000000 0.0655713
9854.000000 0.0654477
9855.000000 0.0653241
9856.000000 0.0652004
9857.000000 0.0650763
9858.000000 0.0649526
9859.000000 0.0648295
9860.000000 0.0647057
9861.000000 0.0645956
9862.000000 0.0644859
9863.000000 0.0643761
9864.000000 0.0642668
9865.000000 0.0641569
9866.000000 0.064047
9867.000000 0.0639364
9868.000000 0.0638268
9869.000000 0.0637166
9870.000000 0.0636069
9871.000000 0.0634984
9872.000000 0.0633898
9873.000000 0.0632806
9874.000000 0.0631729
9875.000000 0.0630641
9876.000000 0.0629547
9877.000000 0.0628463
9878.000000 0.0627378
9879.000000 0.0626281
9880.000000 0.06252
9881.000000 0.0624084
9882.000000 0.0622963
9883.000000 0.0621841
9884.000000 0.0620729
9885.000000 0.0619601
9886.000000 0.0618477
9887.000000 0.0617358
9888.000000 0.0616238
9889.000000 0.0615117
9890.000000 0.0613991
9891.000000 0.0612884
9892.000000 0.0611787
9893.000000 0.0610674
9894.000000 0.060956
9895.000000 0.0608451
9896.000000 0.0607336
9897.000000 0.0606225
9898.000000 0.0605113
9899.000000 0.0604006
9900.000000 0.0602893
9901.000000 0.0601677
9902.000000 0.060045
9903.000000 0.0599228
9904.000000 0.0598
9905.000000 0.0596778
9906.000000 0.059556
9907.000000 0.0594337
9908.000000 0.0593113
9909.000000 0.0591895
9910.000000 0.0590676
9911.000000 0.0589433
9912.000000 0.05882
9913.000000 0.0586957
9914.000000 0.0585723
9915.000000 0.058449
9916.000000 0.0583251
9917.000000 0.0582022
9918.000000 0.0580782
9919.000000 0.0579548
9920.000000 0.0578298
9921.000000 0.0577078
9922.000000 0.0575842
9923.000000 0.0574621
9924.000000 0.057339
9925.000000 0.0572164
9926.000000 0.0570937
9927.000000 0.056971
9928.000000 0.0568483
9929.000000 0.0567251
9930.000000 0.0566023
9931.000000 0.0564787
9932.000000 0.0563546
9933.000000 0.056231
9934.000000 0.0561079
9935.000000 0.0559837
9936.000000 0.0558606
9937.000000 0.0557369
9938.000000 0.0556127
9939.000000 0.0554894
9940.000000 0.0553662
9941.000000 0.0552584
9942.000000 0.055151
9943.000000 0.055043
9944.000000 0.054936
9945.000000 0.0548284
9946.000000 0.0547206
9947.000000 0.0546133
9948.000000 0.0545054
9949.000000 0.0543978
9950.000000 0.0542902
9951.000000 0.0541816
9952.000000 0.0540718
9953.000000 0.053963
9954.000000 0.0538541
9955.000000 0.0537446
9956.000000 0.0536355
9957.000000 0.0535258
9958.000000 0.0534161
9959.000000 0.0533072
9960.000000 0.0531967
9961.000000 0.0530866
9962.000000 0.0529769
9963.000000 0.0528671
9964.000000 0.0527572
9965.000000 0.0526473
9966.000000 0.0525372
9967.000000 0.0524265
9968.000000 0.0523168
9969.000000 0.052206
9970.000000 0.0520958
9971.000000 0.0519843
9972.000000 0.051873
9973.000000 0.0517615
9974.000000 0.05165
9975.000000 0.0515385
9976.000000 0.0514269
9977.000000 0.0513151
9978.000000 0.0512031
9979.000000 0.0510913
9980.000000 0.0509794
9981.000000 0.0508515
9982.000000 0.0507238
9983.000000 0.0505959
9984.000000 0.0504681
9985.000000 0.0503403
9986.000000 0.0502124
9987.000000 0.0500845
9988.000000 0.0499567
9989.000000 0.0498289
9990.000000 0.0497011
9991.000000 0.0495734
9992.000000 0.0494456
9993.000000 0.0493178
9994.000000 0.0491901
9995.000000 0.0490623
9996.000000 0.0489345
9997.000000 0.0488068
9998.000000 0.048679
9999.000000 0.0485512
10000.000000 0.0484235
10001.000000 0.0483244
10002.000000 0.0482253
10003.000000 0.0481261
10004.000000 0.0480271
10005.000000 0.0479281
10006.000000 0.047829
10007.000000 0.04773
10008.000000 0.0476311
10009.000000 0.0475321
10010.000000 0.0474332
10011.000000 0.0473352
10012.000000 0.047237
10013.000000 0.0471389
10014.000000 0.0470409
10015.000000 0.0469428
10016.000000 0.0468449
10017.000000 0.0467469
10018.000000 0.0466489
10019.000000 0.046551
10020.000000 0.0464531
10021.000000 0.0463659
10022.000000 0.0462786
10023.000000 0.0461914
10024.000000 0.0461042
10025.000000 0.0460169
10026.000000 0.0459296
10027.000000 0.0458423
10028.000000 0.045755
10029.000000 0.0456676
10030.000000 0.0455803
10031.000000 0.045492
10032.000000 0.0454036
10033.000000 0.0453153
10034.000000 0.045227
10035.000000 0.0451385
10036.000000 0.0450501
10037.000000 0.0449617
10038.000000 0.0448733
10039.000000 0.0447849
10040.000000 0.0446964
10041.000000 0.044608
10042.000000 0.0445196
10043.000000 0.0444312
10044.000000 0.0443428
10045.000000 0.0442545
10046.000000 0.0441659
10047.000000 0.0440775
10048.000000 0.043989
10049.000000 0.0439004
10050.000000 0.043812
10051.000000 0.0437235
10052.000000 0.0436351
10053.000000 0.0435466
10054.000000 0.0434582
10055.000000 0.0433697
10056.000000 0.0432812
10057.000000 0.0431926
10058.000000 0.0431041
10059.000000 0.0430155
10060.000000 0.042927
10061.000000 0.0428305
10062.000000 0.0427341
10063.000000 0.0426379
10064.000000 0.0425414
10065.000000 0.0424451
10066.000000 0.0423489
10067.000000 0.0422525
10068.000000 0.0421563
10069.000000 0.0420601
10070.000000 0.0419638
10071.000000 0.0418678
10072.000000 0.0417717
10073.000000 0.0416758
10074.000000 0.0415797
10075.000000 0.0414837
10076.000000 0.0413878
10077.000000 0.0412918
10078.000000 0.0411959
10079.000000 0.0411
10080.000000 0.041004
10081.000000 0.0409084
10082.000000 0.0408127
10083.000000 0.040717
10084.000000 0.0406213
10085.000000 0.0405257
10086.000000 0.0404299
10087.000000 0.0403344
10088.000000 0.0402387
10089.000000 0.0401432
10090.000000 0.0400475
10091.000000 0.0399512
10092.000000 0.0398549
10093.000000 0.0397585
10094.000000 0.0396622
10095.000000 0.0395659
10096.000000 0.0394696
10097.000000 0.0393733
10098.000000 0.0392771
10099.000000 0.0391809
10100.000000 0.0390847
10101.000000 0.0389979
10102.000000 0.0389112
10103.000000 0.0388244
10104.000000 0.0387376
10105.000000 0.0386507
10106.000000 0.0385639
10107.000000 0.038477
10108.000000 0.0383901
10109.000000 0.0383031
10110.000000 0.0382161
10111.000000 0.0381292
10112.000000 0.0380423
10113.000000 0.0379552
10114.000000 0.0378683
10115.000000 0.0377813
10116.000000 0.0376941
10117.000000 0.0376071
10118.000000 0.03752
10119.000000 0.0374329
10120.000000 0.0373457
10121.000000 0.0372578
10122.000000 0.0371701
10123.000000 0.0370823
10124.000000 0.0369943
10125.000000 0.0369065
10126.000000 0.0368185
10127.000000 0.0367305
10128.000000 0.0366426
10129.000000 0.0365547
10130.000000 0.0364667
10131.000000 0.0363785
10132.000000 0.0362904
10133.000000 0.0362022
10134.000000 0.0361141
10135.000000 0.036026
10136.000000 0.0359377
10137.000000 0.0358494
10138.000000 0.0357612
10139.000000 0.0356729
10140.000000 0.0355846
10141.000000 0.0354871
10142.000000 0.0353898
10143.000000 0.0352924
10144.000000 0.0351949
10145.000000 0.0350977
10146.000000 0.0350003
10147.000000 0.034903
10148.000000 0.0348057
10149.000000 0.0347085
10150.000000 0.0346113
10151.000000 0.0345136
10152.000000 0.0344159
10153.000000 0.0343182
10154.000000 0.0342206
10155.000000 0.0341231
10156.000000 0.0340256
10157.000000 0.0339279
10158.000000 0.0338305
10159.000000 0.0337331
10160.000000 0.0336355
10161.000000 0.0335369
10162.000000 0.0334383
10163.000000 0.0333397
10164.000000 0.0332412
10165.000000 0.0331427
10166.000000 0.0330443
10167.000000 0.0329459
10168.000000 0.0328476
10169.000000 0.0327492
10170.000000 0.0326508
10171.000000 0.032554
10172.000000 0.0324572
10173.000000 0.0323604
10174.000000 0.0322636
10175.000000 0.0321669
10176.000000 0.0320702
10177.000000 0.0319735
10178.000000 0.0318768
10179.000000 0.0317802
10180.000000 0.0316836
10181.000000 0.0315937
10182.000000 0.0315038
10183.000000 0.0314138
10184.000000 0.0313239
10185.000000 0.0312339
10186.000000 0.031144
10187.000000 0.031054
10188.000000 0.030964
10189.000000 0.030874
10190.000000 0.030784
10191.000000 0.0306923
10192.000000 0.0306007
10193.000000 0.030509
10194.000000 0.0304175
10195.000000 0.0303258
10196.000000 0.0302341
10197.000000 0.0301425
10198.000000 0.0300509
10199.000000 0.0299592
10200.000000 0.0298675
10201.000000 0.0298068
10202.000000 0.0297462
10203.000000 0.0296855
10204.000000 0.0296248
10205.000000 0.029564
10206.000000 0.0295035
10207.000000 0.0294427
10208.000000 0.029382
10209.000000 0.0293212
10210.000000 0.0292605
10211.000000 0.0292007
10212.000000 0.0291407
10213.000000 0.0290808
10214.000000 0.0290209
10215.000000 0.0289609
10216.000000 0.028901
10217.000000 0.028841
10218.000000 0.028781
10219.000000 0.028721
10220.000000 0.028661
10221.000000 0.0285988
10222.000000 0.0285365
10223.000000 0.0284743
10224.000000 0.0284121
10225.000000 0.0283499
10226.000000 0.0282877
10227.000000 0.0282255
10228.000000 0.0281632
10229.000000 0.028101
10230.000000 0.0280388
10231.000000 0.0279755
10232.000000 0.0279122
10233.000000 0.027849
10234.000000 0.0277858
10235.000000 0.0277225
10236.000000 0.0276592
10237.000000 0.027596
10238.000000 0.0275327
10239.000000 0.0274695
10240.000000 0.0274063
10241.000000 0.0273444
10242.000000 0.0272827
10243.000000 0.0272208
10244.000000 0.0271591
10245.000000 0.0270973
10246.000000 0.0270354
10247.000000 0.0269737
10248.000000 0.0269119
10249.000000 0.0268501
10250.000000 0.0267883
10251.000000 0.0267266
10252.000000 0.0266649
10253.000000 0.0266033
10254.000000 0.0265416
10255.000000 0.0264799
10256.000000 0.0264181
10257.000000 0.0263566
10258.000000 0.0262948
10259.000000 0.0262331
10260.000000 0.0261714
10261.000000 0.0261099
10262.000000 0.0260481
10263.000000 0.0259866
10264.000000 0.0259249
10265.000000 0.0258633
10266.000000 0.0258016
10267.000000 0.0257399
10268.000000 0.0256782
10269.000000 0.0256167
10270.000000 0.025555
10271.000000 0.0254934
10272.000000 0.0254319
10273.000000 0.0253705
10274.000000 0.0253091
10275.000000 0.0252475
10276.000000 0.0251861
10277.000000 0.0251245
10278.000000 0.025063
10279.000000 0.0250016
10280.000000 0.02494
10281.000000 0.0248784
10282.000000 0.0248166
10283.000000 0.0247551
10284.000000 0.0246934
10285.000000 0.0246318
10286.000000 0.0245701
10287.000000 0.0245083
10288.000000 0.0244468
10289.000000 0.0243851
10290.000000 0.0243234
10291.000000 0.0242615
10292.000000 0.0241997
10293.000000 0.0241379
10294.000000 0.0240761
10295.000000 0.0240142
10296.000000 0.0239523
10297.000000 0.0238905
10298.000000 0.0238287
10299.000000 0.0237668
10300.000000 0.0237051
10301.000000 0.0236427
10302.000000 0.0235803
10303.000000 0.023518
10304.000000 0.0234557
10305.000000 0.0233934
10306.000000 0.0233311
10307.000000 0.0232687
10308.000000 0.0232064
10309.000000 0.0231441
10310.000000 0.0230819
10311.000000 0.0230188
10312.000000 0.022956
10313.000000 0.022893
10314.000000 0.0228301
10315.000000 0.0227672
10316.000000 0.0227044
10317.000000 0.0226414
10318.000000 0.0225786
10319.000000 0.0225156
10320.000000 0.0224528
10321.000000 0.0223905
10322.000000 0.0223284
10323.000000 0.0222662
10324.000000 0.0222039
10325.000000 0.0221417
10326.000000 0.0220795
10327.000000 0.0220173
10328.000000 0.0219551
10329.000000 0.0218928
10330.000000 0.0218307
10331.000000 0.0217683
10332.000000 0.0217059
10333.000000 0.0216435
10334.000000 0.0215812
10335.000000 0.0215188
10336.000000 0.0214565
10337.000000 0.021394
10338.000000 0.0213317
10339.000000 0.0212693
10340.000000 0.021207
10341.000000 0.0211451
10342.000000 0.0210832
10343.000000 0.0210212
10344.000000 0.0209592
10345.000000 0.0208974
10346.000000 0.0208355
10347.000000 0.0207735
10348.000000 0.0207116
10349.000000 0.0206496
10350.000000 0.0205877
10351.000000 0.0205251
10352.000000 0.0204624
10353.000000 0.0203997
10354.000000 0.020337
10355.000000 0.0202744
10356.000000 0.0202117
10357.000000 0.020149
10358.000000 0.0200864
10359.000000 0.0200237
10360.000000 0.0199611
10361.000000 0.0198991
10362.000000 0.0198369
10363.000000 0.0197748
10364.000000 0.0197127
10365.000000 0.0196506
10366.000000 0.0195885
10367.000000 0.0195264
10368.000000 0.0194643
10369.000000 0.0194021
10370.000000 0.0193401
10371.000000 0.0192777
10372.000000 0.0192155
10373.000000 0.0191532
10374.000000 0.0190909
10375.000000 0.0190286
10376.000000 0.0189663
10377.000000 0.0189041
10378.000000 0.0188418
10379.000000 0.0187795
10380.000000 0.0187173
10381.000000 0.0186534
10382.000000 0.0185895
10383.000000 0.0185257
10384.000000 0.0184618
10385.000000 0.018398
10386.000000 0.0183342
10387.000000 0.0182704
10388.000000 0.0182066
10389.000000 0.0181429
10390.000000 0.0180792
10391.000000 0.0180155
10392.000000 0.0179521
10393.000000 0.0178885
10394.000000 0.017825
10395.000000 0.0177615
10396.000000 0.0176979
10397.000000 0.0176345
10398.000000 0.0175709
10399.000000 0.0175075
10400.000000 0.017444
10401.000000 0.0174023
10402.000000 0.0173605
10403.000000 0.0173188
10404.000000 0.017277
10405.000000 0.0172353
10406.000000 0.0171935
10407.000000 0.0171519
10408.000000 0.0171101
10409.000000 0.0170684
10410.000000 0.0170267
10411.000000 0.0169846
10412.000000 0.0169426
10413.000000 0.0169005
10414.000000 0.0168585
10415.000000 0.0168164
10416.000000 0.0167744
10417.000000 0.0167324
10418.000000 0.0166903
10419.000000 0.0166484
10420.000000 0.0166064
10421.000000 0.0165672
10422.000000 0.0165282
10423.000000 0.016489
10424.000000 0.0164499
10425.000000 0.0164107
10426.000000 0.0163715
10427.000000 0.0163325
10428.000000 0.0162933
10429.000000 0.0162542
10430.000000 0.016215
10431.000000 0.0161759
10432.000000 0.0161368
10433.000000 0.0160977
10434.000000 0.0160586
10435.000000 0.0160194
10436.000000 0.0159803
10437.000000 0.0159412
10438.000000 0.0159021
10439.000000 0.0158628
10440.000000 0.0158237
10441.000000 0.0157845
10442.000000 0.0157452
10443.000000 0.0157059
10444.000000 0.0156666
10445.000000 0.0156273
10446.000000 0.015588
10447.000000 0.0155488
10448.000000 0.0155094
10449.000000 0.0154702
10450.000000 0.0154309
10451.000000 0.0153912
10452.000000 0.0153516
10453.000000 0.015312
10454.000000 0.0152722
10455.000000 0.0152326
10456.000000 0.015193
10457.000000 0.0151534
10458.000000 0.0151137
10459.000000 0.015074
10460.000000 0.0150344
10461.000000 0.0149919
10462.000000 0.0149496
10463.000000 0.0149072
10464.000000 0.0148648
10465.000000 0.0148224
10466.000000 0.01478
10467.000000 0.0147377
10468.000000 0.0146953
10469.000000 0.014653
10470.000000 0.0146107
10471.000000 0.0145684
10472.000000 0.014526
10473.000000 0.0144837
10474.000000 0.0144415
10475.000000 0.0143993
10476.000000 0.014357
10477.000000 0.0143147
10478.000000 0.0142726
10479.000000 0.0142303
10480.000000 0.0141881
10481.000000 0.0141458
10482.000000 0.0141037
10483.000000 0.0140615
10484.000000 0.0140192
10485.000000 0.0139771
10486.000000 0.013935
10487.000000 0.0138928
10488.000000 0.0138508
10489.000000 0.0138086
10490.000000 0.0137666
10491.000000 0.0137244
10492.000000 0.0136822
10493.000000 0.0136401
10494.000000 0.013598
10495.000000 0.0135559
10496.000000 0.0135138
10497.000000 0.0134718
10498.000000 0.0134298
10499.000000 0.0133877
10500.000000 0.0133456
10501.000000 0.0133053
10502.000000 0.013265
10503.000000 0.0132247
10504.000000 0.0131844
10505.000000 0.013144
10506.000000 0.0131036
10507.000000 0.0130633
10508.000000 0.013023
10509.000000 0.0129827
10510.000000 0.0129424
10511.000000 0.0129017
10512.000000 0.0128611
10513.000000 0.0128204
10514.000000 0.0127799
10515.000000 0.0127392
10516.000000 0.0126986
10517.000000 0.012658
10518.000000 0.0126174
10519.000000 0.0125768
10520.000000 0.0125362
10521.000000 0.0124958
10522.000000 0.0124555
10523.000000 0.0124152
10524.000000 0.0123748
10525.000000 0.0123345
10526.000000 0.0122942
10527.000000 0.0122538
10528.000000 0.0122137
10529.000000 0.0121733
10530.000000 0.012133
10531.000000 0.0120925
10532.000000 0.0120519
10533.000000 0.0120114
10534.000000 0.011971
10535.000000 0.0119305
10536.000000 0.01189
10537.000000 0.0118496
10538.000000 0.0118091
10539.000000 0.0117686
10540.000000 0.0117282
10541.000000 0.0116876
10542.000000 0.0116471
10543.000000 0.0116067
10544.000000 0.0115662
10545.000000 0.0115257
10546.000000 0.0114852
10547.000000 0.0114448
10548.000000 0.0114042
10549.000000 0.0113639
10550.000000 0.0113233
10551.000000 0.0112829
10552.000000 0.0112424
10553.000000 0.011202
10554.000000 0.0111616
10555.000000 0.0111213
10556.000000 0.0110809
10557.000000 0.0110405
10558.000000 0.0110001
10559.000000 0.0109598
10560.000000 0.0109193
10561.000000 0.0108791
10562.000000 0.0108389
10563.000000 0.0107987
10564.000000 0.0107585
10565.000000 0.0107183
10566.000000 0.0106782
10567.000000 0.0106379
10568.000000 0.0105977
10569.000000 0.0105576
10570.000000 0.0105174
10571.000000 0.0104772
10572.000000 0.010437
10573.000000 0.0103967
10574.000000 0.0103566
10575.000000 0.0103164
10576.000000 0.0102762
10577.000000 0.0102359
10578.000000 0.0101957
10579.000000 0.0101555
10580.000000 0.0101154
10581.000000 0.010075
10582.000000 0.0100345
10583.000000 0.00999424
10584.000000 0.00995375
10585.000000 0.00991341
10586.000000 0.00987303
10587.000000 0.0098327
10588.000000 0.00979242
10589.000000 0.0097521
10590.000000 0.00971177
10591.000000 0.0096715
10592.000000 0.00963138
10593.000000 0.00959121
10594.000000 0.00955104
10595.000000 0.00951082
10596.000000 0.0094707
10597.000000 0.00943058
10598.000000 0.00939041
10599.000000 0.00935035
10600.000000 0.00931013
10601.000000 0.00928435
10602.000000 0.00925863
10603.000000 0.00923291
10604.000000 0.00920719
10605.000000 0.00918147
10606.000000 0.00915576
10607.000000 0.00912998
10608.000000 0.00910431
10609.000000 0.00907865
10610.000000 0.00905298
10611.000000 0.00902726
10612.000000 0.00900165
10613.000000 0.00897598
10614.000000 0.00895031
10615.000000 0.0089247
10616.000000 0.00889898
10617.000000 0.00887336
10618.000000 0.0088478
10619.000000 0.00882213
10620.000000 0.00879652
10621.000000 0.00877089
10622.000000 0.00874526
10623.000000 0.00871958
10624.000000 0.00869395
10625.000000 0.00866827
10626.000000 0.0086427
10627.000000 0.00861713
10628.000000 0.00859144
10629.000000 0.00856587
10630.000000 0.00854019
10631.000000 0.00851447
10632.000000 0.00848875
10633.000000 0.00846293
10634.000000 0.00843727
10635.000000 0.00841144
10636.000000 0.00838568
10637.000000 0.00836002
10638.000000 0.00833425
10639.000000 0.00830854
10640.000000 0.00828278
10641.000000 0.00825734
10642.000000 0.00823184
10643.000000 0.00820624
10644.000000 0.00818079
10645.000000 0.00815524
10646.000000 0.0081298
10647.000000 0.0081043
10648.000000 0.00807875
10649.000000 0.0080533
10650.000000 0.00802785
10651.000000 0.00800225
10652.000000 0.00797664
10653.000000 0.00795103
10654.000000 0.00792553
10655.000000 0.00789993
10656.000000 0.00787427
10657.000000 0.00784877
10658.000000 0.00782317
10659.000000 0.00779762
10660.000000 0.00777206
10661.000000 0.00774661
10662.000000 0.00772116
10663.000000 0.00769571
10664.000000 0.00767021
10665.000000 0.00764481
10666.000000 0.00761936
10667.000000 0.00759391
10668.000000 0.00756846
10669.000000 0.00754295
10670.000000 0.00751756
10671.000000 0.00749198
10672.000000 0.00746651
10673.000000 0.00744088
10674.000000 0.0074153
10675.000000 0.00738984
10676.000000 0.00736421
10677.000000 0.0073388
10678.000000 0.00731322
10679.000000 0.00728765
10680.000000 0.00726213
10681.000000 0.00723661
10682.000000 0.00721124
10683.000000 0.00718566
10684.000000 0.0071603
10685.000000 0.00713472
10686.000000 0.0071093
10687.000000 0.00708383
10688.000000 0.00705836
10689.000000 0.00703289
10690.000000 0.00700753
10691.000000 0.006982
10692.000000 0.00695647
10693.000000 0.00693089
10694.000000 0.00690553
10695.000000 0.00688
10696.000000 0.00685448
10697.000000 0.00682895
10698.000000 0.00680354
10699.000000 0.00677807
10700.000000 0.0067526
10701.000000 0.00672709
10702.000000 0.00670175
10703.000000 0.0066763
10704.000000 0.00665096
10705.000000 0.00662556
10706.000000 0.00660016
10707.000000 0.00657482
10708.000000 0.00654937
10709.000000 0.00652397
10710.000000 0.00649868
10711.000000 0.00647312
10712.000000 0.00644776
10713.000000 0.0064223
10714.000000 0.0063969
10715.000000 0.00637144
10716.000000 0.00634603
10717.000000 0.00632057
10718.000000 0.00629522
10719.000000 0.00626977
10720.000000 0.00624436
10721.000000 0.00621899
10722.000000 0.00619355
10723.000000 0.00616823
10724.000000 0.00614285
10725.000000 0.00611753
10726.000000 0.0060921
10727.000000 0.00606683
10728.000000 0.0060414
10729.000000 0.00601602
10730.000000 0.00599065
10731.000000 0.00596548
10732.000000 0.00594031
10733.000000 0.00591508
10734.000000 0.00588986
10735.000000 0.00586463
10736.000000 0.00583951
10737.000000 0.00581434
10738.000000 0.00578916
10739.000000 0.00576388
10740.000000 0.0057388
10741.000000 0.00571344
10742.000000 0.00568796
10743.000000 0.00566265
10744.000000 0.00563728
10745.000000 0.00561191
10746.000000 0.00558655
10747.000000 0.00556124
10748.000000 0.00553587
10749.000000 0.00551051
10750.000000 0.0054852
10751.000000 0.00545986
10752.000000 0.00543467
10753.000000 0.00540937
10754.000000 0.00538414
10755.000000 0.0053589
10756.000000 0.00533355
10757.000000 0.00530838
10758.000000 0.00528311
10759.000000 0.00525785
10760.000000 0.00523261
10761.000000 0.00520739
10762.000000 0.00518219
10763.000000 0.00515697
10764.000000 0.00513176
10765.000000 0.00510654
10766.000000 0.00508134
10767.000000 0.00505613
10768.000000 0.00503094
10769.000000 0.00500573
10770.000000 0.00498054
10771.000000 0.00495524
10772.000000 0.00492993
10773.000000 0.00490463
10774.000000 0.00487935
10775.000000 0.00485406
10776.000000 0.00482877
10777.000000 0.0048035
10778.000000 0.00477822
10779.000000 0.00475295
10780.000000 0.00472768
10781.000000 0.00470256
10782.000000 0.00467744
10783.000000 0.00465232
10784.000000 0.0046272
10785.000000 0.00460209
10786.000000 0.00457698
10787.000000 0.00455188
10788.000000 0.00452677
10789.000000 0.00450167
10790.000000 0.00447657
10791.000000 0.00445142
10792.000000 0.00442627
10793.000000 0.00440113
10794.000000 0.00437598
10795.000000 0.00435085
10796.000000 0.00432571
10797.000000 0.00430058
10798.000000 0.00427544
10799.000000 0.00425033
10800.000000 0.0042252
10801.000000 0.00420375
10802.000000 0.0041823
10803.000000 0.00416087
10804.000000 0.00413943
10805.000000 0.004118
10806.000000 0.00409656
10807.000000 0.00407514
10808.000000 0.00405372
10809.000000 0.0040323
10810.000000 0.00401088
10811.000000 0.0039896
10812.000000 0.00396831
10813.000000 0.00394704
10814.000000 0.00392576
10815.000000 0.00390448
10816.000000 0.0038832
10817.000000 0.00386194
10818.000000 0.00384067
10819.000000 0.00381939
10820.000000 0.00379813
10821.000000 0.00377679
10822.000000 0.00375545
10823.000000 0.00373413
10824.000000 0.00371279
10825.000000 0.00369146
10826.000000 0.00367014
10827.000000 0.00364881
10828.000000 0.0036275
10829.000000 0.00360617
10830.000000 0.00358486
10831.000000 0.00356354
10832.000000 0.00354222
10833.000000 0.00352089
10834.000000 0.00349958
10835.000000 0.00347827
10836.000000 0.00345696
10837.000000 0.00343566
10838.000000 0.00341436
10839.000000 0.00339306
10840.000000 0.00337176
10841.000000 0.00335051
10842.000000 0.00332926
10843.000000 0.00330799
10844.000000 0.00328674
10845.000000 0.0032655
10846.000000 0.00324425
10847.000000 0.00322301
10848.000000 0.00320176
10849.000000 0.00318052
10850.000000 0.00315928
10851.000000 0.00313807
10852.000000 0.00311686
10853.000000 0.00309566
10854.000000 0.00307446
10855.000000 0.00305325
10856.000000 0.00303204
10857.000000 0.00301084
10858.000000 0.00298964
10859.000000 0.00296844
10860.000000 0.00294725
10861.000000 0.00292601
10862.000000 0.00290476
10863.000000 0.00288352
10864.000000 0.00286228
10865.000000 0.00284105
10866.000000 0.00281981
10867.000000 0.00279859
10868.000000 0.00277735
10869.000000 0.00275613
10870.000000 0.00273492
10871.000000 0.00271373
10872.000000 0.00269255
10873.000000 0.00267137
10874.000000 0.0026502
10875.000000 0.00262903
10876.000000 0.00260785
10877.000000 0.00258669
10878.000000 0.00256551
10879.000000 0.00254436
10880.000000 0.0025232
10881.000000 0.002502
10882.000000 0.0024808
10883.000000 0.00245962
10884.000000 0.00243843
10885.000000 0.00241725
10886.000000 0.00239607
10887.000000 0.00237488
10888.000000 0.00235371
10889.000000 0.00233253
10890.000000 0.00231137
10891.000000 0.00229028
10892.000000 0.00226919
10893.000000 0.0022481
10894.000000 0.00222701
10895.000000 0.00220595
10896.000000 0.00218485
10897.000000 0.00216378
10898.000000 0.0021427
10899.000000 0.00212163
10900.000000 0.00210055
10901.000000 0.00207941
10902.000000 0.00205827
10903.000000 0.00203714
10904.000000 0.00201602
10905.000000 0.00199489
10906.000000 0.00197377
10907.000000 0.00195263
10908.000000 0.00193152
10909.000000 0.0019104
10910.000000 0.00188929
10911.000000 0.00186821
10912.000000 0.00184713
10913.000000 0.00182606
10914.000000 0.00180498
10915.000000 0.00178391
10916.000000 0.00176284
10920.000000 0.00167903
10930.000000 0.00146887
10940.000000 0.00125944
10950.000000 0.0010497
10960.000000 0.000839988
10970.000000 0.000630158
10980.000000 0.000420026
10990.000000 0.000210113
