13663.735352 0.000121026
13670.000000 0.000162138
13680.000000 0.000227497
13683.740234 0.000251859
13690.000000 0.000275402
13700.000000 0.000312859
13703.746094 0.000326841
13710.000000 0.000373938
13720.000000 0.000448939
13723.750977 0.000476974
13730.000000 0.000523626
13740.000000 0.000597975
13743.756836 0.000626001
13750.000000 0.000689103
13760.000000 0.000789249
13763.761719 0.000826789
13770.000000 0.00100596
13780.000000 0.00129199
13783.767578 0.00139938
13790.000000 0.00159353
13800.000000 0.00190376
13803.773438 0.00202086
13810.000000 0.00224363
13820.000000 0.00260027
13823.778320 0.00273466
13830.000000 0.00318592
13840.000000 0.00392446
13843.784180 0.00420471
13850.000000 0.00498875
13860.000000 0.00625932
13863.789062 0.00674053
13870.000000 0.00807006
13880.000000 0.0102176
13883.794922 0.0110348
13890.000000 0.0133066
13900.000000 0.0169796
13903.799805 0.0183791
13910.000000 0.0226721
13920.000000 0.0296183
13923.805664 0.032269
13930.000000 0.0417475
13940.000000 0.0570984
13943.810547 0.0629639
13950.000000 0.0789526
13960.000000 0.104867
13963.817383 0.114787
13970.000000 0.142097
13980.000000 0.186411
13983.822266 0.203395
13990.000000 0.239934
14000.000000 0.299268
14003.827148 0.321917
14010.000000 0.351154
14020.000000 0.398595
14023.833008 0.416804
14030.000000 0.43539
14040.000000 0.465576
14043.837891 0.477176
14050.000000 0.483489
14060.000000 0.493749
14063.843750 0.497698
14070.000000 0.498919
14080.000000 0.501313
14083.848633 0.502079
14090.000000 0.50201
14100.000000 0.501897
14103.855469 0.501854
14110.000000 0.50146
14120.000000 0.500818
14123.860352 0.50057
14130.000000 0.501044
14140.000000 0.501816
14143.865234 0.502114
14150.000000 0.503118
14160.000000 0.504755
14163.871094 0.505389
14170.000000 0.507266
14180.000000 0.510332
14183.875977 0.511522
14190.000000 0.514224
14200.000000 0.51822
14203.881836 0.519753
14210.000000 0.522476
14220.000000 0.526928
14223.886719 0.528659
14230.000000 0.531108
14240.000000 0.535114
14243.892578 0.536673
14250.000000 0.538335
14260.000000 0.541057
14263.898438 0.542118
14270.000000 0.543369
14280.000000 0.54542
14283.904297 0.546221
14290.000000 0.546501
14300.000000 0.546959
14303.909180 0.547138
14310.000000 0.547179
14320.000000 0.547246
14323.914062 0.547272
14330.000000 0.547381
14340.000000 0.547559
14343.919922 0.547629
14350.000000 0.547687
14360.000000 0.547781
14363.924805 0.547818
14370.000000 0.548165
14380.000000 0.548735
14383.930664 0.548959
14390.000000 0.549356
14400.000000 0.54956
14403.935547 0.549776
14410.000000 0.54994
14420.000000 0.55021
14423.942383 0.550316
14430.000000 0.550411
14440.000000 0.550569
14443.947266 0.550631
14450.000000 0.550693
14460.000000 0.550795
14463.952148 0.550835
14470.000000 0.550305
14480.000000 0.549429
14483.958008 0.549083
14490.000000 0.548368
14500.000000 0.547186
14503.962891 0.546641
14510.000000 0.545593
14520.000000 0.544303
14523.968750 0.543791
14530.000000 0.543181
14540.000000 0.542169
14543.973633 0.541766
14550.000000 0.541189
14560.000000 0.540231
14563.980469 0.53985
14570.000000 0.539592
14580.000000 0.538723
14583.985352 0.538552
14590.000000 0.538783
14600.000000 0.539166
14603.991211 0.539295
14610.000000 0.539909
14620.000000 0.540932
14623.996094 0.541341
14630.000000 0.542123
14640.000000 0.543427
14644.000977 0.543771
14650.000000 0.54447
14660.000000 0.546081
14664.006836 0.546727
14670.000000 0.547476
14680.000000 0.548725
14684.011719 0.549226
14690.000000 0.549656
14700.000000 0.550374
14704.017578 0.550481
14710.000000 0.550137
14720.000000 0.550015
14724.023438 0.549965
14730.000000 0.549457
14740.000000 0.548606
14744.029297 0.548263
14750.000000 0.547453
14760.000000 0.545648
14764.034180 0.5451
14770.000000 0.543606
14780.000000 0.5411
14784.039062 0.540087
14790.000000 0.538843
14800.000000 0.536314
14804.044922 0.535448
14810.000000 0.534223
14820.000000 0.532165
14824.049805 0.531332
14830.000000 0.530207
14840.000000 0.527882
14844.055664 0.527116
14850.000000 0.526642
14860.000000 0.525844
14864.060547 0.52552
14870.000000 0.525395
14880.000000 0.524753
14884.067383 0.524668
14890.000000 0.524959
14900.000000 0.525449
14904.072266 0.525649
14910.000000 0.526371
14920.000000 0.527155
14924.078125 0.527652
14930.000000 0.528489
14940.000000 0.529903
14944.083008 0.530481
14950.000000 0.531682
14960.000000 0.533273
14964.087891 0.534103
14970.000000 0.53527
14980.000000 0.537244
14984.093750 0.537871
14990.000000 0.538642
15000.000000 0.540392
15004.098633 0.541003
15010.000000 0.541767
15020.000000 0.542613
15024.105469 0.543143
15030.000000 0.543773
15040.000000 0.544841
15044.110352 0.545094
15050.000000 0.545144
15060.000000 0.54568
15064.116211 0.5459
15070.000000 0.546248
15080.000000 0.546386
15084.121094 0.546629
15090.000000 0.546796
15100.000000 0.547079
15104.125977 0.547009
15110.000000 0.54673
15120.000000 0.546707
15124.131836 0.546697
15130.000000 0.54657
15140.000000 0.5459
15144.136719 0.54581
15150.000000 0.545391
15160.000000 0.544675
15164.142578 0.544192
15170.000000 0.543218
15180.000000 0.542006
15184.148438 0.541317
15190.000000 0.540314
15200.000000 0.539049
15204.154297 0.538506
15210.000000 0.537612
15220.000000 0.535639
15224.159180 0.535005
15230.000000 0.533889
15240.000000 0.531537
15244.165039 0.530742
15250.000000 0.529438
15260.000000 0.527203
15264.169922 0.526089
15270.000000 0.524533
15280.000000 0.522303
15284.174805 0.521192
15290.000000 0.51977
15300.000000 0.517765
15304.180664 0.516747
15310.000000 0.515507
15320.000000 0.513808
15324.185547 0.512918
15330.000000 0.512096
15340.000000 0.511111
15344.192383 0.51052
15350.000000 0.510034
15360.000000 0.509624
15364.197266 0.509452
15370.000000 0.509562
15380.000000 0.509325
15384.203125 0.509404
15390.000000 0.50994
15400.000000 0.510436
15404.208008 0.510834
15410.000000 0.51165
15420.000000 0.512629
15424.212891 0.513222
15430.000000 0.514113
15440.000000 0.515222
15444.218750 0.51587
15450.000000 0.516869
15460.000000 0.51816
15464.223633 0.518704
15470.000000 0.519493
15480.000000 0.521294
15484.230469 0.52187
15490.000000 0.522234
15500.000000 0.523303
15504.235352 0.523629
15510.000000 0.523792
15520.000000 0.524514
15524.241211 0.524634
15530.000000 0.52464
15540.000000 0.525093
15544.246094 0.525097
15550.000000 0.525041
15560.000000 0.524943
15564.251953 0.52509
15570.000000 0.52501
15580.000000 0.524428
15584.256836 0.524369
15590.000000 0.524397
15600.000000 0.524004
15604.261719 0.524013
15610.000000 0.523933
15620.000000 0.52335
15624.267578 0.523102
15630.000000 0.522937
15640.000000 0.523092
15644.273438 0.522968
15650.000000 0.522849
15660.000000 0.52264
15664.279297 0.522741
15670.000000 0.523058
15680.000000 0.523168
15684.284180 0.523405
15690.000000 0.523508
15700.000000 0.523244
15704.290039 0.52313
15710.000000 0.523055
15720.000000 0.523368
15724.294922 0.523311
15730.000000 0.523175
15740.000000 0.522935
15744.300781 0.523024
15750.000000 0.522959
15760.000000 0.522402
15764.305664 0.522162
15770.000000 0.521754
15780.000000 0.521038
15784.310547 0.520921
15790.000000 0.520631
15800.000000 0.519679
15804.317383 0.519277
15810.000000 0.518898
15820.000000 0.518674
15824.322266 0.518386
15830.000000 0.517903
15840.000000 0.517053
15844.328125 0.516685
15850.000000 0.516233
15860.000000 0.515879
15864.333008 0.515534
15870.000000 0.515128
15880.000000 0.514412
15884.338867 0.514101
15890.000000 0.51377
15900.000000 0.513627
15904.343750 0.513373
15910.000000 0.513057
15920.000000 0.5125
15924.348633 0.512257
15930.000000 0.512016
15940.000000 0.511589
15944.355469 0.511595
15950.000000 0.511293
15960.000000 0.510319
15964.360352 0.509894
15970.000000 0.509345
15980.000000 0.508373
15984.366211 0.507949
15990.000000 0.507196
16000.000000 0.5063
16004.371094 0.505726
16010.000000 0.504841
16020.000000 0.50327
16024.376953 0.502584
16030.000000 0.501614
16040.000000 0.499893
16044.381836 0.499139
16050.000000 0.498188
16060.000000 0.496928
16064.387695 0.496187
16070.000000 0.495514
16080.000000 0.494317
16084.392578 0.493792
16090.000000 0.493238
16100.000000 0.49225
16104.398438 0.491816
16110.000000 0.491422
16120.000000 0.490719
16124.404297 0.490409
16130.000000 0.490333
16140.000000 0.490196
16144.409180 0.490135
16150.000000 0.490144
16160.000000 0.490589
16164.415039 0.490596
16170.000000 0.490833
16180.000000 0.491257
16184.419922 0.491443
16190.000000 0.491621
16200.000000 0.491939
16204.425781 0.49204
16210.000000 0.492109
16220.000000 0.492231
16224.430664 0.492285
16230.000000 0.491998
16240.000000 0.491483
16244.435547 0.491254
16250.000000 0.490614
16260.000000 0.489464
16264.442383 0.488954
16270.000000 0.487922
16280.000000 0.486067
16284.447266 0.485243
16290.000000 0.484047
16300.000000 0.481895
16304.453125 0.480939
16310.000000 0.479286
16320.000000 0.476311
16324.458008 0.474987
16330.000000 0.473426
16340.000000 0.470613
16344.463867 0.46936
16350.000000 0.467834
16360.000000 0.465083
16364.468750 0.463671
16370.000000 0.462313
16380.000000 0.460274
16384.474609 0.459363
16390.000000 0.459026
16400.000000 0.458416
16404.480469 0.458264
16410.000000 0.458435
16420.000000 0.458743
16424.484375 0.458881
16430.000000 0.459641
16440.000000 0.461017
16444.490234 0.461634
16450.000000 0.462926
16460.000000 0.464848
16464.496094 0.465898
16470.000000 0.467334
16480.000000 0.469939
16484.501953 0.47111
16490.000000 0.472376
16500.000000 0.474676
16504.507812 0.475712
16510.000000 0.476374
16520.000000 0.477579
16524.513672 0.477926
16530.000000 0.477574
16540.000000 0.477366
16544.517578 0.477271
16550.000000 0.47667
16560.000000 0.475572
16564.523438 0.475076
16570.000000 0.473895
16580.000000 0.471309
16584.529297 0.470334
16590.000000 0.469022
16600.000000 0.466626
16604.533203 0.465007
16610.000000 0.463287
16620.000000 0.459729
16624.539062 0.458311
16630.000000 0.457087
16640.000000 0.454851
16644.544922 0.453838
16650.000000 0.453363
16660.000000 0.452074
16664.550781 0.451677
16670.000000 0.451189
16680.000000 0.450292
16684.556641 0.449694
16690.000000 0.449083
16700.000000 0.448375
16704.562500 0.448052
16710.000000 0.447176
16720.000000 0.445156
16724.566406 0.444424
16730.000000 0.442506
16740.000000 0.438989
16744.572266 0.4372
16750.000000 0.434209
16760.000000 0.429124
16764.578125 0.426805
16770.000000 0.423851
16780.000000 0.418035
16784.582031 0.415561
16790.000000 0.41333
16800.000000 0.408844
16804.589844 0.406978
16810.000000 0.404363
16820.000000 0.399547
16824.593750 0.397172
16830.000000 0.389908
16840.000000 0.376903
16844.599609 0.370787
16850.000000 0.35266
16860.000000 0.319602
16864.605469 0.304314
16870.000000 0.276261
16880.000000 0.224799
16884.611328 0.201177
16890.000000 0.176497
16900.000000 0.130797
16904.615234 0.109881
16910.000000 0.0951538
16920.000000 0.0678737
16924.621094 0.055368
16930.000000 0.0479461
16940.000000 0.0341832
16944.626953 0.0278662
16950.000000 0.02428
16960.000000 0.0176215
16964.632812 0.0145556
16970.000000 0.0127995
16980.000000 0.00955771
16984.638672 0.00805748
16990.000000 0.007123
17000.000000 0.00539637
17004.642578 0.0045949
17010.000000 0.00411658
17020.000000 0.00323364
17024.648438 0.00282435
17030.000000 0.00252431
17040.000000 0.0019679
17044.654297 0.00171159
17050.000000 0.00157415
17060.000000 0.00131733
17064.660156 0.00119906
17070.000000 0.00107532
17080.000000 0.000844196
17084.664062 0.00073719
17090.000000 0.000648019
17100.000000 0.000482664
17104.669922 0.000405721
17110.000000 0.000372284
17120.000000 0.000310032
17124.675781 0.000281268
17130.000000 0.000280644
17140.000000 0.000279201
17144.681641 0.000278526
17150.000000 0.000235574
17160.000000 0.000155597
17164.687500 0.000118282
17170.000000 0.000117956
17180.000000 0.000117344
17184.691406 0.000117111
17190.000000 0.000116849
17200.000000 0.000116239
17204.697266 0.000115514
