10640.000000 0.000117086
10650.000000 0.000129066
10660.000000 0.000141051
10670.000000 0.000153042
10672.922852 0.000156548
10677.923828 0.00014576
10680.000000 0.000157393
10682.925781 0.000173831
10687.926758 0.000175184
10690.000000 0.00018497
10692.928711 0.000198752
10697.929688 0.000183461
10700.000000 0.000191101
10702.930664 0.000201919
10707.932617 0.000177694
10710.000000 0.000152941
10712.933594 0.000117811
10717.934570 0.000217129
10720.000000 0.000312785
10722.936523 0.0004488
10727.938477 0.000565177
10730.000000 0.000535046
10732.939453 0.000492078
10737.941406 0.000450233
10740.000000 0.000482215
10742.942383 0.000527933
10747.943359 0.000554095
10750.000000 0.000587083
10752.945312 0.000634331
10757.946289 0.000670707
10760.000000 0.000722732
10762.948242 0.000797427
10767.949219 0.000833913
10770.000000 0.000876814
10772.950195 0.000938538
10777.952148 0.000947669
10780.000000 0.00097855
10782.953125 0.00102309
10787.954102 0.00140208
10790.000000 0.00146767
10792.956055 0.00156246
10797.957031 0.0019019
10800.000000 0.00197605
10802.958008 0.00208347
10807.959961 0.00217976
10810.000000 0.00229799
10812.960938 0.00246962
10817.961914 0.00280414
10820.000000 0.00295094
10822.963867 0.00316445
10827.964844 0.00358304
10830.000000 0.00378965
10832.966797 0.0040909
10837.967773 0.00464322
10840.000000 0.00490329
10842.968750 0.00528328
10847.970703 0.00596197
10850.000000 0.00625727
10852.971680 0.00668978
10857.972656 0.00793027
10860.000000 0.00837996
10862.974609 0.0090422
10867.975586 0.0105644
10870.000000 0.0112097
10872.976562 0.0121558
10877.978516 0.0138357
10880.000000 0.0146913
10882.980469 0.0159528
10887.981445 0.0184702
10890.000000 0.019611
10892.983398 0.0212973
10897.984375 0.0246418
10900.000000 0.0262437
10902.986328 0.0286175
10907.987305 0.0332036
10910.000000 0.0353106
10912.988281 0.0384395
10917.990234 0.0444914
10920.000000 0.0473122
10922.991211 0.0515113
10927.992188 0.0597563
10930.000000 0.0634863
10932.994141 0.0690497
10937.995117 0.0796526
10940.000000 0.0842977
10942.996094 0.0912406
10947.998047 0.104488
10950.000000 0.110381
10952.999023 0.119209
10958.000000 0.135202
10960.000000 0.142113
10963.001953 0.15249
10968.002930 0.170252
10970.000000 0.178092
10973.004883 0.18994
10978.005859 0.210834
10980.000000 0.219285
10983.006836 0.231974
10988.008789 0.253495
10990.000000 0.261936
10993.009766 0.274681
10998.010742 0.29618
11000.000000 0.304443
11003.012695 0.316969
11008.013672 0.336816
11010.000000 0.344282
11013.014648 0.355614
11018.016602 0.372796
11020.000000 0.379158
11023.017578 0.388839
11028.018555 0.403166
11030.000000 0.408222
11033.021484 0.415932
11038.022461 0.426959
11040.000000 0.430757
11043.024414 0.436568
11048.025391 0.444798
11050.000000 0.44749
11053.026367 0.451617
11058.028320 0.457405
11060.000000 0.459285
11063.029297 0.462295
11068.030273 0.466448
11070.000000 0.467862
11073.032227 0.469917
11078.033203 0.472506
11080.000000 0.473363
11083.034180 0.474685
11088.036133 0.476458
11090.000000 0.477068
11093.037109 0.478012
11098.038086 0.479272
11100.000000 0.479716
11103.040039 0.480404
11108.041016 0.48133
11110.000000 0.481653
11113.041992 0.482156
11118.043945 0.482972
11120.000000 0.483268
11123.044922 0.483728
11128.046875 0.484351
11130.000000 0.484579
11133.047852 0.484936
11138.048828 0.485536
11140.000000 0.485723
11143.050781 0.486143
11148.051758 0.486752
11150.000000 0.486988
11153.052734 0.487231
11158.054688 0.487584
11160.000000 0.487683
11163.055664 0.487839
11168.056641 0.488024
11170.000000 0.488045
11173.058594 0.488079
11178.059570 0.488241
11180.000000 0.488298
11183.060547 0.488389
11188.063477 0.488538
11190.000000 0.488593
11193.064453 0.488682
11198.066406 0.488789
11200.000000 0.488848
11203.067383 0.489077
11208.068359 0.489472
11210.000000 0.489633
11213.070312 0.489759
11218.071289 0.490038
11220.000000 0.490166
11223.072266 0.490369
11228.074219 0.49056
11230.000000 0.49062
11233.075195 0.490716
11238.076172 0.490936
11240.000000 0.491009
11243.078125 0.491125
11248.079102 0.491279
11250.000000 0.491321
11253.080078 0.491388
11258.082031 0.491419
11260.000000 0.491388
11263.083008 0.491339
11268.084961 0.491301
11270.000000 0.491318
11273.085938 0.491474
11278.086914 0.491611
11280.000000 0.49162
11283.088867 0.491505
11288.089844 0.491344
11290.000000 0.491261
11293.090820 0.491126
11298.092773 0.490842
11300.000000 0.490724
11303.093750 0.490533
11308.094727 0.490085
11310.000000 0.489944
11313.096680 0.489713
11318.097656 0.489282
11320.000000 0.489126
11323.098633 0.48887
11328.100586 0.488477
11330.000000 0.488326
11333.101562 0.488207
11338.103516 0.488026
11340.000000 0.487978
11343.105469 0.487769
11348.106445 0.48752
11350.000000 0.48749
11353.108398 0.487441
11358.109375 0.487418
11360.000000 0.487412
11363.110352 0.487401
11368.112305 0.487373
11370.000000 0.487315
11373.113281 0.487221
11378.114258 0.487314
11380.000000 0.487412
11383.116211 0.487703
11388.117188 0.488274
11390.000000 0.488499
11393.118164 0.488743
11398.120117 0.489206
11400.000000 0.489385
11403.121094 0.489694
11408.123047 0.49016
11410.000000 0.490374
11413.124023 0.490731
11418.125000 0.491232
11420.000000 0.491433
11423.126953 0.491768
11428.127930 0.492199
11430.000000 0.492365
11433.128906 0.492642
11438.130859 0.493039
11440.000000 0.493132
11443.131836 0.493421
11448.132812 0.493807
11450.000000 0.493933
11453.134766 0.494013
11458.135742 0.494033
11460.000000 0.494025
11463.136719 0.49401
11468.138672 0.493961
11470.000000 0.493961
11473.139648 0.49396
11478.141602 0.493695
11480.000000 0.493583
11483.142578 0.493394
11488.143555 0.493048
11490.000000 0.492931
11493.146484 0.492864
11498.147461 0.492771
11500.000000 0.49275
11503.148438 0.492574
11508.150391 0.492233
11510.000000 0.492129
11513.151367 0.491953
11518.152344 0.491817
11520.000000 0.491759
11523.154297 0.491661
11528.155273 0.491629
11530.000000 0.491584
11533.156250 0.491507
11538.158203 0.49176
11540.000000 0.491909
11543.159180 0.492297
11548.161133 0.493048
11550.000000 0.493378
11553.162109 0.493813
11558.163086 0.494613
11560.000000 0.494945
11563.165039 0.495517
11568.166016 0.496536
11570.000000 0.496941
11573.166992 0.49764
11578.168945 0.498942
11580.000000 0.499417
11583.169922 0.500237
11588.170898 0.501529
11590.000000 0.50197
11593.172852 0.50287
11598.173828 0.504356
11600.000000 0.504872
11603.174805 0.505634
11608.176758 0.506777
11610.000000 0.507177
11613.177734 0.507872
11618.179688 0.508872
11620.000000 0.509164
11623.180664 0.509674
11628.181641 0.510485
11630.000000 0.510678
11633.183594 0.511154
11638.184570 0.511843
11640.000000 0.51203
11643.185547 0.512221
11648.188477 0.51238
11650.000000 0.512356
11653.189453 0.512312
11658.190430 0.51211
11660.000000 0.511979
11663.192383 0.511748
11668.193359 0.511214
11670.000000 0.511037
11673.194336 0.510725
11678.196289 0.510127
11680.000000 0.5099
11683.197266 0.509637
11688.199219 0.509173
11690.000000 0.508983
11693.200195 0.508506
11698.201172 0.507862
11700.000000 0.507626
11703.203125 0.507204
11708.204102 0.506654
11710.000000 0.506462
11713.205078 0.506118
11718.207031 0.505558
11720.000000 0.505412
11723.208008 0.505289
11728.208984 0.50517
11730.000000 0.505202
11733.210938 0.505123
11738.211914 0.504956
11740.000000 0.504983
11743.212891 0.505031
11748.214844 0.505155
11750.000000 0.505223
11753.215820 0.505344
11758.217773 0.505586
11760.000000 0.505742
11763.218750 0.506025
11768.219727 0.506443
11770.000000 0.506605
11773.221680 0.507036
11778.222656 0.507752
11780.000000 0.508005
11783.223633 0.508325
11788.225586 0.508869
11790.000000 0.509054
11793.226562 0.509391
11798.227539 0.509796
11800.000000 0.509926
11803.230469 0.51014
11808.231445 0.510436
11810.000000 0.510538
11813.232422 0.510865
11818.234375 0.511282
11820.000000 0.511372
11823.235352 0.511397
11828.237305 0.511401
11830.000000 0.511375
11833.238281 0.511325
11838.239258 0.511117
11840.000000 0.511053
11843.241211 0.510935
11848.242188 0.510657
11850.000000 0.510514
11853.243164 0.510389
11858.245117 0.510247
11860.000000 0.510171
11863.246094 0.50989
11868.247070 0.509497
11870.000000 0.50933
11873.249023 0.50902
11878.250000 0.508539
11880.000000 0.508397
11883.250977 0.508132
11888.252930 0.507792
11890.000000 0.507688
11893.253906 0.507635
11898.255859 0.507544
11900.000000 0.507624
11903.256836 0.507633
11908.257812 0.507645
11910.000000 0.50766
11913.259766 0.507688
11918.260742 0.507705
11920.000000 0.507739
11923.261719 0.507801
11928.263672 0.508027
11930.000000 0.508129
11933.264648 0.508321
11938.265625 0.508653
11940.000000 0.508755
11943.267578 0.509088
11948.268555 0.509494
11950.000000 0.509757
11953.269531 0.510113
11958.272461 0.510684
11960.000000 0.510881
11963.273438 0.511255
11968.275391 0.511793
11970.000000 0.51201
11973.276367 0.512421
11978.277344 0.513152
11980.000000 0.513322
11983.279297 0.513788
11988.280273 0.514412
11990.000000 0.514606
11993.281250 0.514834
11998.283203 0.515075
12000.000000 0.515154
12003.284180 0.515326
12008.285156 0.515575
12010.000000 0.515673
12013.287109 0.515863
12018.288086 0.516128
12020.000000 0.516221
12023.289062 0.516542
12028.291016 0.516892
12030.000000 0.51698
12033.291992 0.517007
12038.293945 0.51697
12040.000000 0.51695
12043.294922 0.516912
12048.295898 0.516683
12050.000000 0.516642
12053.297852 0.516563
12058.298828 0.516479
12060.000000 0.516486
12063.299805 0.516643
12068.301758 0.516804
12070.000000 0.516871
12073.302734 0.516857
12078.303711 0.516927
12080.000000 0.516991
12083.305664 0.517115
12088.306641 0.517326
12090.000000 0.517411
12093.308594 0.517576
12098.309570 0.517769
12100.000000 0.517858
12103.310547 0.518178
12108.313477 0.518672
12110.000000 0.518834
12113.314453 0.519008
12118.315430 0.519359
12120.000000 0.519473
12123.317383 0.519697
12128.318359 0.519998
12130.000000 0.520118
12133.319336 0.520356
12138.321289 0.52064
12140.000000 0.520744
12143.322266 0.521097
12148.323242 0.521613
12150.000000 0.521746
12153.325195 0.521863
12158.326172 0.522015
12160.000000 0.521964
12163.328125 0.521863
12168.329102 0.521948
12170.000000 0.52193
12173.330078 0.521893
12178.332031 0.521786
12180.000000 0.521758
12183.333008 0.52185
12188.333984 0.521924
12190.000000 0.521914
12193.335938 0.521747
12198.336914 0.521537
12200.000000 0.521457
12203.337891 0.521281
12208.339844 0.52086
12210.000000 0.520706
12213.340820 0.520542
12218.341797 0.520282
12220.000000 0.520193
12223.343750 0.519868
12228.344727 0.519357
12230.000000 0.519146
12233.346680 0.518719
12238.347656 0.518252
12240.000000 0.518136
12243.348633 0.517901
12248.350586 0.517573
12250.000000 0.517491
12253.351562 0.517469
12258.352539 0.517621
12260.000000 0.51768
12263.355469 0.517657
12268.356445 0.517904
12270.000000 0.517922
12273.357422 0.517961
12278.359375 0.518188
12280.000000 0.518295
12283.360352 0.518512
12288.361328 0.518833
12290.000000 0.518984
12293.363281 0.519441
12298.364258 0.520202
12300.000000 0.520465
12303.366211 0.52086
12308.367188 0.521511
12310.000000 0.521745
12313.368164 0.522228
12318.370117 0.522991
12320.000000 0.523238
12323.371094 0.523748
12328.372070 0.524489
12330.000000 0.524738
12333.374023 0.525403
12338.375000 0.526381
12340.000000 0.52668
12343.375977 0.527152
12348.377930 0.52783
12350.000000 0.528034
12353.378906 0.528459
12358.379883 0.528978
12360.000000 0.52913
12363.381836 0.529446
12368.382812 0.529836
12370.000000 0.529935
12373.384766 0.530294
12378.385742 0.530704
12380.000000 0.530836
12383.386719 0.530962
12388.388672 0.530987
12390.000000 0.53099
12393.389648 0.530995
12398.390625 0.53095
12400.000000 0.530885
12403.392578 0.530768
12408.393555 0.530619
12410.000000 0.53055
12413.394531 0.530555
12418.397461 0.530518
12420.000000 0.530503
12423.398438 0.530321
12428.399414 0.530019
12430.000000 0.529884
12433.401367 0.529597
12438.402344 0.529216
12440.000000 0.529142
12443.404297 0.528986
12448.405273 0.528828
12450.000000 0.528785
12453.406250 0.528843
12458.408203 0.529044
12460.000000 0.529121
12463.409180 0.529135
12468.410156 0.529196
12470.000000 0.529274
12473.412109 0.529439
12478.413086 0.529783
12480.000000 0.529873
12483.414062 0.530066
12488.416016 0.530333
12490.000000 0.530438
12493.416992 0.530818
12498.417969 0.531429
12500.000000 0.531632
12503.419922 0.531878
12508.420898 0.532243
12510.000000 0.532348
12513.422852 0.532575
12518.423828 0.532954
12520.000000 0.533081
12523.424805 0.533358
12528.426758 0.533661
12530.000000 0.533749
12533.427734 0.534094
12538.428711 0.534591
12540.000000 0.534702
12543.430664 0.534793
12548.431641 0.534876
12550.000000 0.534893
12553.432617 0.534928
12558.434570 0.534819
12560.000000 0.534777
12563.435547 0.534838
12568.436523 0.534814
12570.000000 0.53478
12573.439453 0.534553
12578.440430 0.534077
12580.000000 0.533917
12583.442383 0.533564
12588.443359 0.532993
12590.000000 0.532796
12593.444336 0.53236
12598.446289 0.531642
12600.000000 0.531403
12603.447266 0.531017
12608.448242 0.530456
12610.000000 0.530279
12613.450195 0.529734
12618.451172 0.528961
12620.000000 0.5287
12623.452148 0.528119
12628.454102 0.527277
12630.000000 0.52705
12633.455078 0.526541
12638.457031 0.525882
12640.000000 0.525644
12643.458008 0.52526
12648.458984 0.524864
12650.000000 0.524812
12653.460938 0.524544
12658.461914 0.524124
12660.000000 0.524045
12663.462891 0.523867
12668.464844 0.523796
12670.000000 0.523797
12673.465820 0.5238
12678.466797 0.524058
12680.000000 0.524135
12683.468750 0.52446
12688.469727 0.524932
12690.000000 0.525112
12693.470703 0.52537
12698.472656 0.525797
12700.000000 0.525922
12703.473633 0.526208
12708.475586 0.526668
12710.000000 0.526873
12713.476562 0.527339
12718.477539 0.528168
12720.000000 0.528405
12723.480469 0.5291
12728.481445 0.530176
12730.000000 0.530562
12733.482422 0.531292
12738.484375 0.532276
12740.000000 0.532557
12743.485352 0.533201
12748.486328 0.534076
12750.000000 0.534308
12753.488281 0.534842
12758.489258 0.535618
12760.000000 0.535851
12763.490234 0.53639
12768.492188 0.536949
12770.000000 0.537145
12773.493164 0.537757
12778.495117 0.538685
12780.000000 0.538912
12783.496094 0.539282
12788.497070 0.539833
12790.000000 0.540005
12793.499023 0.540404
12798.500000 0.54079
12800.000000 0.540919
12803.500977 0.541189
12808.502930 0.54176
12810.000000 0.541817
12813.503906 0.542106
12818.504883 0.542437
12820.000000 0.542549
12823.506836 0.542655
12828.507812 0.542705
12830.000000 0.542693
12833.508789 0.542663
12838.510742 0.542658
12840.000000 0.54264
12843.511719 0.542599
12848.513672 0.542476
12850.000000 0.542438
12853.514648 0.542508
12858.515625 0.542519
12860.000000 0.542527
12863.517578 0.542388
12868.518555 0.542185
12870.000000 0.542102
12873.519531 0.541907
12878.522461 0.541572
12880.000000 0.541477
12883.523438 0.541251
12888.524414 0.540755
12890.000000 0.540628
12893.526367 0.540482
12898.527344 0.540218
12900.000000 0.540097
12903.528320 0.53965
12908.530273 0.538814
12910.000000 0.538628
12913.531250 0.538181
12918.533203 0.537357
12920.000000 0.537138
12923.534180 0.53661
12928.535156 0.535869
12930.000000 0.535578
12933.537109 0.535033
12938.538086 0.534305
12940.000000 0.534099
12943.539062 0.533443
12948.541016 0.532419
12950.000000 0.532096
12953.541992 0.531312
12958.542969 0.530159
12960.000000 0.529834
12963.544922 0.529045
12968.545898 0.527961
12970.000000 0.527653
12973.547852 0.5269
12978.548828 0.525905
12980.000000 0.525595
12983.549805 0.52499
12988.551758 0.524084
12990.000000 0.523849
12993.552734 0.523119
12998.553711 0.522241
13000.000000 0.521961
13003.555664 0.521335
13008.556641 0.520562
13010.000000 0.520368
13013.557617 0.51989
13018.559570 0.51936
13020.000000 0.519206
13023.560547 0.518977
13028.561523 0.518957
13030.000000 0.518955
13033.564453 0.518798
13038.565430 0.51865
13040.000000 0.518687
13043.567383 0.518779
13048.568359 0.51892
13050.000000 0.519011
13053.569336 0.519238
13058.571289 0.519678
13060.000000 0.519827
13063.572266 0.5202
13068.573242 0.520928
13070.000000 0.521153
13073.575195 0.52187
13078.576172 0.522974
13080.000000 0.523324
13083.577148 0.524047
13088.579102 0.52512
13090.000000 0.525441
13093.580078 0.526252
13098.581055 0.527505
13100.000000 0.527878
13103.583008 0.528821
13108.583984 0.530177
13110.000000 0.53057
13113.585938 0.531564
13118.586914 0.532877
13120.000000 0.533264
13123.587891 0.534404
13128.589844 0.535936
13130.000000 0.536348
13133.590820 0.53724
13138.591797 0.53851
13140.000000 0.538842
13143.593750 0.539689
13148.594727 0.540806
13150.000000 0.541077
13153.595703 0.541771
13158.597656 0.542773
13160.000000 0.543033
13163.598633 0.54386
13168.599609 0.544993
13170.000000 0.545288
13173.601562 0.545887
13178.602539 0.546619
13180.000000 0.546793
13183.605469 0.547242
13188.606445 0.547928
13190.000000 0.548087
13193.607422 0.5485
13198.609375 0.54892
13200.000000 0.549023
13203.610352 0.549249
13208.611328 0.54944
13210.000000 0.54946
13213.613281 0.549675
13218.614258 0.550029
13220.000000 0.550063
13223.615234 0.54999
13228.617188 0.550026
13230.000000 0.550028
13233.618164 0.550036
13238.620117 0.550021
13240.000000 0.550038
13243.621094 0.55008
13248.622070 0.550175
13250.000000 0.550201
13253.624023 0.550271
13258.625000 0.550194
13260.000000 0.550175
13263.625977 0.550125
13268.627930 0.549979
13270.000000 0.549934
13273.628906 0.549977
13278.629883 0.549886
13280.000000 0.549863
13283.631836 0.549636
13288.632812 0.549426
13290.000000 0.549343
13293.633789 0.549121
13298.635742 0.548873
13300.000000 0.548788
13303.636719 0.548561
13308.638672 0.548341
13310.000000 0.548218
13313.639648 0.547889
13318.640625 0.547283
13320.000000 0.547121
13323.642578 0.546852
13328.643555 0.546426
13330.000000 0.546243
13333.644531 0.545588
13338.647461 0.544778
13340.000000 0.544513
13343.648438 0.543799
13348.649414 0.542613
13350.000000 0.542326
13353.651367 0.541551
13358.652344 0.54042
13360.000000 0.540105
13363.653320 0.539249
13368.655273 0.538085
13370.000000 0.53775
13373.656250 0.536839
13378.658203 0.535658
13380.000000 0.535323
13383.659180 0.534572
13388.660156 0.533562
13390.000000 0.533311
13393.662109 0.532462
13398.663086 0.531428
13400.000000 0.531146
13403.664062 0.530265
13408.666016 0.528986
13410.000000 0.528664
13413.666992 0.52778
13418.667969 0.52665
13420.000000 0.526363
13423.669922 0.525574
13428.670898 0.524478
13430.000000 0.524236
13433.671875 0.523568
13438.673828 0.522837
13440.000000 0.522718
13443.674805 0.522545
13448.676758 0.522365
13450.000000 0.522328
13453.677734 0.522065
13458.678711 0.521708
13460.000000 0.521605
13463.680664 0.521317
13468.681641 0.521264
13470.000000 0.521306
13473.682617 0.521421
13478.684570 0.521786
13480.000000 0.52183
13483.685547 0.521952
13488.686523 0.522133
13490.000000 0.522217
13493.689453 0.522454
13498.690430 0.523026
13500.000000 0.523181
13503.692383 0.523749
13508.693359 0.524474
13510.000000 0.524714
13513.694336 0.525231
13518.696289 0.525872
13520.000000 0.526009
13523.697266 0.5264
13528.698242 0.52703
13530.000000 0.527234
13533.700195 0.527815
13538.701172 0.528793
13540.000000 0.52896
13543.702148 0.529438
13548.704102 0.529874
13550.000000 0.530092
13553.705078 0.530717
13558.706055 0.531416
13560.000000 0.531641
13563.708008 0.532285
13568.708984 0.532788
13570.000000 0.53294
13573.710938 0.533539
13578.711914 0.534438
13580.000000 0.534609
13583.712891 0.53494
13588.714844 0.535619
13590.000000 0.535769
13593.715820 0.536203
13598.716797 0.536627
13600.000000 0.536795
13603.718750 0.536907
13608.719727 0.536991
13610.000000 0.536968
13613.720703 0.536901
13618.722656 0.536687
13620.000000 0.536668
13623.723633 0.536612
13628.724609 0.536595
13630.000000 0.536578
13633.726562 0.536529
13638.727539 0.536503
13640.000000 0.536479
13643.730469 0.536411
13648.731445 0.536159
13650.000000 0.536136
13653.732422 0.536232
13658.734375 0.536249
13660.000000 0.536296
13663.735352 0.536269
13668.736328 0.536014
13670.000000 0.535955
13673.738281 0.535782
13678.739258 0.535416
13680.000000 0.535323
13683.740234 0.535045
13688.742188 0.534816
13690.000000 0.534745
13693.743164 0.534534
13698.745117 0.534134
13700.000000 0.534013
13703.746094 0.533652
13708.747070 0.533047
13710.000000 0.532902
13713.749023 0.532467
13718.750000 0.531997
13720.000000 0.531888
13723.750977 0.531562
13728.752930 0.530964
13730.000000 0.530803
13733.753906 0.530319
13738.754883 0.529619
13740.000000 0.529427
13743.756836 0.529013
13748.757812 0.528349
13750.000000 0.528174
13753.758789 0.527482
13758.760742 0.526457
13760.000000 0.5262
13763.761719 0.52542
13768.763672 0.524606
13770.000000 0.52427
13773.764648 0.523247
13778.765625 0.522186
13780.000000 0.521844
13783.767578 0.520802
13788.768555 0.519463
13790.000000 0.519092
13793.769531 0.51796
13798.772461 0.516206
13800.000000 0.515745
13803.773438 0.514443
13808.774414 0.512466
13810.000000 0.511995
13813.776367 0.510544
13818.777344 0.508425
13820.000000 0.507909
13823.778320 0.506315
13828.780273 0.504163
13830.000000 0.503649
13833.781250 0.502814
13838.783203 0.501707
13840.000000 0.501428
13843.784180 0.500557
13848.785156 0.499315
13850.000000 0.499066
13853.787109 0.498445
13858.788086 0.497925
13860.000000 0.497866
13863.789062 0.497526
13868.791016 0.497409
13870.000000 0.497416
13873.791992 0.497435
13878.792969 0.49753
13880.000000 0.497726
13883.794922 0.49834
13888.795898 0.499412
13890.000000 0.499757
13893.797852 0.500848
13898.798828 0.502682
13900.000000 0.503145
13903.799805 0.504612
13908.801758 0.506611
13910.000000 0.507017
13913.802734 0.508307
13918.803711 0.509708
13920.000000 0.509841
13923.805664 0.510266
13928.806641 0.509621
13930.000000 0.509072
13933.807617 0.507318
13938.809570 0.502867
13940.000000 0.501327
13943.810547 0.496393
13948.811523 0.48758
13950.000000 0.484985
13953.814453 0.476648
13958.815430 0.462828
13960.000000 0.458961
13963.817383 0.446487
13968.818359 0.427631
13970.000000 0.422547
13973.819336 0.406101
13978.821289 0.383205
13980.000000 0.376872
13983.822266 0.356316
13988.823242 0.328664
13990.000000 0.321952
13993.825195 0.300114
13998.826172 0.272269
14000.000000 0.265989
14003.827148 0.245402
14008.829102 0.218049
14010.000000 0.211973
14013.830078 0.192088
14018.831055 0.167168
14020.000000 0.161799
14023.833008 0.144186
14028.833984 0.124129
14030.000000 0.119954
14033.835938 0.106213
14038.836914 0.0911807
14040.000000 0.0881965
14043.837891 0.0783445
14048.839844 0.0675793
14050.000000 0.0654002
14053.840820 0.0581827
14058.841797 0.0501142
14060.000000 0.0484905
14063.843750 0.0430996
14068.844727 0.0368845
14070.000000 0.0356623
14073.845703 0.0316016
14078.847656 0.0269531
14080.000000 0.0260624
14083.848633 0.0230777
14088.850586 0.0201976
14090.000000 0.0195358
14093.851562 0.0173173
14098.852539 0.0151434
14100.000000 0.0147181
14103.855469 0.0132884
14108.856445 0.0118698
14110.000000 0.0114889
14113.857422 0.0102032
14118.859375 0.00901517
14120.000000 0.00878374
14123.860352 0.00800013
14128.861328 0.0070811
14130.000000 0.00689734
14133.863281 0.00627357
14138.864258 0.00555046
14140.000000 0.00540442
14143.865234 0.00490716
14148.867188 0.00425117
14150.000000 0.00416384
14153.868164 0.00386549
14158.870117 0.00359807
14160.000000 0.00354745
14163.871094 0.00337392
14168.872070 0.00287691
14170.000000 0.00279653
14173.874023 0.00252029
14178.875000 0.00226344
14180.000000 0.00221202
14183.875977 0.00203478
14188.877930 0.0018285
14190.000000 0.00178781
14193.878906 0.00164655
14198.879883 0.00147561
14200.000000 0.00143281
14203.881836 0.00128446
14208.882812 0.00104421
14210.000000 0.00100073
14213.883789 0.000849557
14218.885742 0.00099296
14220.000000 0.000987539
14223.886719 0.000968629
14228.888672 0.000962828
14230.000000 0.000954168
14233.889648 0.000923856
14238.890625 0.000664374
14240.000000 0.000647519
14243.892578 0.000588375
14248.893555 0.00054574
14250.000000 0.000533642
14253.894531 0.000491059
14258.897461 0.000442055
14260.000000 0.000434076
14263.898438 0.000405863
14268.899414 0.000376752
14270.000000 0.000369416
14273.901367 0.000343409
14280.000000 0.000331222
14290.000000 0.000311236
14300.000000 0.000291247
14310.000000 0.000271255
14320.000000 0.00025126
14330.000000 0.000231263
14340.000000 0.000211263
14350.000000 0.000191259
14360.000000 0.000171253
14370.000000 0.000151244
14380.000000 0.000131233
14383.930664 0.000123366
14390.000000 0.000112808
