11370.000000 0.000114676
11380.000000 0.000120153
11390.000000 0.000125741
11400.000000 0.00013123
11410.000000 0.000136734
11420.000000 0.000142243
11430.000000 0.000147756
11440.000000 0.000153274
11450.000000 0.000158933
11460.000000 0.000164466
11470.000000 0.000170004
11480.000000 0.000175547
11490.000000 0.000181095
11500.000000 0.000186807
11510.000000 0.000192359
11520.000000 0.000197916
11530.000000 0.000203477
11540.000000 0.000209042
11550.000000 0.000214795
11560.000000 0.000220374
11570.000000 0.000225957
11580.000000 0.000231545
11590.000000 0.000237137
11600.000000 0.00024294
11610.000000 0.000248547
11620.000000 0.000254159
11630.000000 0.000259775
11640.000000 0.000265621
11650.000000 0.000271251
11660.000000 0.000276885
11670.000000 0.000282524
11680.000000 0.000288167
11690.000000 0.000294065
11700.000000 0.000299722
11710.000000 0.000305383
11720.000000 0.000311049
11730.000000 0.000316989
11740.000000 0.000322669
11743.212891 0.000324494
11750.000000 0.000349429
11760.000000 0.000386191
11763.218750 0.00039803
11770.000000 0.000508254
11780.000000 0.000671475
11783.223633 0.000723981
11790.000000 0.000976396
11800.000000 0.00134914
11803.230469 0.00146955
11810.000000 0.00182884
11820.000000 0.00236183
11823.235352 0.00253383
11830.000000 0.00312466
11840.000000 0.00399846
11843.241211 0.00428178
11850.000000 0.00509297
11860.000000 0.00629905
11863.246094 0.00668928
11870.000000 0.00804326
11880.000000 0.0100489
11883.250977 0.0107011
11890.000000 0.0129631
11900.000000 0.0163298
11903.256836 0.0174232
11910.000000 0.021071
11920.000000 0.0264831
11923.261719 0.028249
11930.000000 0.0350451
11940.000000 0.0451353
11943.267578 0.0484469
11950.000000 0.0604674
11960.000000 0.078289
11963.273438 0.0841248
11970.000000 0.105736
11980.000000 0.137878
11983.279297 0.148463
11990.000000 0.186748
12000.000000 0.243614
12003.284180 0.262307
12010.000000 0.304679
12020.000000 0.367812
12023.289062 0.388696
12030.000000 0.420946
12040.000000 0.468704
12043.294922 0.484448
12050.000000 0.496659
12060.000000 0.514883
12063.299805 0.521045
12070.000000 0.523152
12080.000000 0.525858
12083.305664 0.526753
12090.000000 0.52605
12100.000000 0.525
12103.310547 0.524799
12110.000000 0.524606
12120.000000 0.523873
12123.317383 0.52363
12130.000000 0.523819
12140.000000 0.524101
12143.322266 0.524342
12150.000000 0.525165
12160.000000 0.525956
12163.328125 0.52622
12170.000000 0.526552
12180.000000 0.527049
12183.333008 0.527363
12190.000000 0.528671
12200.000000 0.530189
12203.337891 0.53068
12210.000000 0.531428
12220.000000 0.532998
12223.343750 0.533374
12230.000000 0.533961
12240.000000 0.534844
12243.348633 0.535139
12250.000000 0.535262
12260.000000 0.535896
12263.355469 0.535957
12270.000000 0.535776
12280.000000 0.535502
12283.360352 0.53541
12290.000000 0.534763
12300.000000 0.534236
12303.366211 0.533907
12310.000000 0.533152
12320.000000 0.532012
12323.371094 0.531628
12330.000000 0.531284
12340.000000 0.53121
12343.375977 0.531034
12350.000000 0.530779
12360.000000 0.530394
12363.381836 0.530263
12370.000000 0.530438
12380.000000 0.531146
12383.386719 0.531236
12390.000000 0.531679
12400.000000 0.53235
12403.392578 0.532599
12410.000000 0.532798
12420.000000 0.533546
12423.398438 0.533649
12430.000000 0.533938
12440.000000 0.534375
12443.404297 0.534524
12450.000000 0.534455
12460.000000 0.534796
12463.409180 0.53476
12470.000000 0.53478
12480.000000 0.53481
12483.414062 0.53482
12490.000000 0.53448
12500.000000 0.534411
12503.419922 0.534194
12510.000000 0.533577
12520.000000 0.53264
12523.424805 0.532318
12530.000000 0.531881
12540.000000 0.53166
12543.430664 0.531431
12550.000000 0.531065
12560.000000 0.530508
12563.435547 0.530469
12570.000000 0.530699
12580.000000 0.530606
12583.442383 0.530574
12590.000000 0.531177
12600.000000 0.532098
12603.447266 0.53256
12610.000000 0.533386
12620.000000 0.534203
12623.452148 0.534485
12630.000000 0.535271
12640.000000 0.536472
12643.458008 0.537042
12650.000000 0.538282
12660.000000 0.539732
12663.462891 0.540234
12670.000000 0.540984
12680.000000 0.542133
12683.468750 0.542688
12690.000000 0.543572
12700.000000 0.544474
12703.473633 0.544788
12710.000000 0.544892
12720.000000 0.545052
12723.480469 0.545266
12730.000000 0.545576
12740.000000 0.545599
12743.485352 0.545607
12750.000000 0.544958
12760.000000 0.543962
12763.490234 0.543614
12770.000000 0.543055
12780.000000 0.542647
12783.496094 0.542346
12790.000000 0.541948
12800.000000 0.541336
12803.500977 0.54109
12810.000000 0.541028
12820.000000 0.541382
12823.506836 0.541348
12830.000000 0.541269
12840.000000 0.541146
12843.511719 0.541102
12850.000000 0.541559
12860.000000 0.542714
12863.517578 0.542962
12870.000000 0.543526
12880.000000 0.544397
12883.523438 0.544704
12890.000000 0.545268
12900.000000 0.546591
12903.528320 0.546899
12910.000000 0.547319
12920.000000 0.547969
12923.534180 0.548199
12930.000000 0.548226
12940.000000 0.548723
12943.539062 0.548737
12950.000000 0.548782
12960.000000 0.548852
12963.544922 0.548877
12970.000000 0.548404
12980.000000 0.547672
12983.549805 0.547573
12990.000000 0.547535
13000.000000 0.547023
13003.555664 0.546908
13010.000000 0.546163
13020.000000 0.545006
13023.560547 0.544755
13030.000000 0.544942
13040.000000 0.544781
13043.567383 0.544724
13050.000000 0.544531
13060.000000 0.544231
13063.572266 0.544124
13070.000000 0.544342
13080.000000 0.54513
13083.577148 0.545252
13090.000000 0.545291
13100.000000 0.545352
13103.583008 0.545374
13110.000000 0.545895
13120.000000 0.546707
13123.587891 0.547161
13130.000000 0.54774
13140.000000 0.548191
13143.593750 0.548354
13150.000000 0.548447
13160.000000 0.548592
13163.598633 0.548807
13170.000000 0.549297
13180.000000 0.54961
13183.605469 0.549723
13190.000000 0.549852
13200.000000 0.550054
13203.610352 0.550085
13210.000000 0.550265
13220.000000 0.551002
13223.615234 0.551104
13230.000000 0.551178
13240.000000 0.551293
13243.621094 0.551334
13250.000000 0.551568
13260.000000 0.551935
13263.625977 0.552068
13270.000000 0.552516
13280.000000 0.553675
13283.631836 0.55393
13290.000000 0.554146
13300.000000 0.554486
13303.636719 0.554609
13310.000000 0.554523
13320.000000 0.554386
13323.642578 0.554502
13330.000000 0.554848
13340.000000 0.554935
13343.648438 0.554967
13350.000000 0.554738
13360.000000 0.554376
13363.653320 0.554244
13370.000000 0.554033
13380.000000 0.553699
13383.659180 0.553744
13390.000000 0.553375
13400.000000 0.552339
13403.664062 0.551849
13410.000000 0.551163
13420.000000 0.55008
13423.669922 0.549683
13430.000000 0.549016
13440.000000 0.547963
13443.674805 0.547741
13450.000000 0.547289
13460.000000 0.546124
13463.680664 0.545696
13470.000000 0.545828
13480.000000 0.546038
13483.685547 0.546115
13490.000000 0.545928
13500.000000 0.545633
13503.692383 0.545663
13510.000000 0.546103
13520.000000 0.546352
13523.697266 0.546443
13530.000000 0.546794
13540.000000 0.547348
13543.702148 0.547554
13550.000000 0.548219
13560.000000 0.549275
13563.708008 0.549665
13570.000000 0.549696
13580.000000 0.550196
13583.712891 0.550214
13590.000000 0.549613
13600.000000 0.548658
13603.718750 0.547919
13610.000000 0.54847
13620.000000 0.54934
13623.723633 0.549662
13630.000000 0.549679
13640.000000 0.549703
13643.730469 0.549711
13650.000000 0.548254
13660.000000 0.546384
13663.735352 0.545519
13670.000000 0.54517
13680.000000 0.54461
13683.740234 0.544401
13690.000000 0.543451
13700.000000 0.541935
13703.746094 0.541368
13710.000000 0.540473
13720.000000 0.539043
13723.750977 0.538507
13730.000000 0.537733
13740.000000 0.536495
13743.756836 0.536195
13750.000000 0.535377
13760.000000 0.533631
13763.761719 0.532975
13770.000000 0.532322
13780.000000 0.531276
13783.767578 0.530882
13790.000000 0.529201
13800.000000 0.52651
13803.773438 0.525612
13810.000000 0.525106
13820.000000 0.524293
13823.778320 0.523986
13830.000000 0.523283
13840.000000 0.524232
13843.784180 0.524591
13850.000000 0.524423
13860.000000 0.524577
13863.789062 0.524472
13870.000000 0.525341
13880.000000 0.526742
13883.794922 0.527274
13890.000000 0.527381
13900.000000 0.527552
13903.799805 0.527616
13910.000000 0.528502
13920.000000 0.529934
13923.805664 0.530479
13930.000000 0.529981
13940.000000 0.529172
13943.810547 0.528862
13950.000000 0.530669
13960.000000 0.533595
13963.817383 0.534714
13970.000000 0.534714
13980.000000 0.534711
13983.822266 0.534709
13990.000000 0.535835
14000.000000 0.537659
14003.827148 0.538157
14010.000000 0.538065
14020.000000 0.537916
14023.833008 0.537858
14030.000000 0.538729
14040.000000 0.540142
14043.837891 0.540685
14050.000000 0.541117
14060.000000 0.541819
14063.843750 0.542089
14070.000000 0.542318
14080.000000 0.543133
14083.848633 0.543276
14090.000000 0.544082
14100.000000 0.545394
14103.855469 0.545901
14110.000000 0.545909
14120.000000 0.545922
14123.860352 0.545927
14130.000000 0.546666
14140.000000 0.547871
14143.865234 0.548337
14150.000000 0.548072
14160.000000 0.547639
14163.871094 0.547471
14170.000000 0.547852
14180.000000 0.548475
14183.875977 0.548716
14190.000000 0.548875
14200.000000 0.548687
14203.881836 0.548594
14210.000000 0.548601
14220.000000 0.548613
14223.886719 0.548617
14230.000000 0.548556
14240.000000 0.548456
14243.892578 0.548417
14250.000000 0.548305
14260.000000 0.548121
14263.898438 0.548049
14270.000000 0.54775
14280.000000 0.547258
14283.904297 0.547067
14290.000000 0.547482
14300.000000 0.548163
14303.909180 0.548429
14310.000000 0.548215
14320.000000 0.547863
14323.914062 0.547725
14330.000000 0.547698
14340.000000 0.547653
14343.919922 0.547635
14350.000000 0.547777
14360.000000 0.548012
14363.924805 0.548104
14370.000000 0.548348
14380.000000 0.548749
14383.930664 0.548907
14390.000000 0.548964
14400.000000 0.54861
14403.935547 0.548606
14410.000000 0.548769
14420.000000 0.549039
14423.942383 0.549145
14430.000000 0.549443
14440.000000 0.549935
14443.947266 0.550129
14450.000000 0.550377
14460.000000 0.550785
14463.952148 0.550946
14470.000000 0.550788
14480.000000 0.550527
14483.958008 0.550424
14490.000000 0.551041
14500.000000 0.552062
14503.962891 0.55239
14510.000000 0.552249
14520.000000 0.552469
14523.968750 0.552557
14530.000000 0.552504
14540.000000 0.552418
14543.973633 0.552383
14550.000000 0.552297
14560.000000 0.552154
14563.980469 0.552097
14570.000000 0.551776
14580.000000 0.55079
14583.985352 0.550577
14590.000000 0.550339
14600.000000 0.549944
14603.991211 0.549762
14610.000000 0.54932
14620.000000 0.548583
14623.996094 0.548289
14630.000000 0.548065
14640.000000 0.547691
14644.000977 0.547362
14650.000000 0.546617
14660.000000 0.545824
14664.006836 0.545506
14670.000000 0.545382
14680.000000 0.545175
14684.011719 0.545092
14690.000000 0.544968
14700.000000 0.544761
14704.017578 0.544498
14710.000000 0.544558
14720.000000 0.545106
14724.023438 0.545326
14730.000000 0.545553
14740.000000 0.545933
14744.029297 0.546087
14750.000000 0.54618
14760.000000 0.545888
14764.034180 0.545951
14770.000000 0.546245
14780.000000 0.546737
14784.039062 0.546936
14790.000000 0.547379
14800.000000 0.547673
14804.044922 0.547952
14810.000000 0.548195
14820.000000 0.548605
14824.049805 0.54877
14830.000000 0.549147
14840.000000 0.549328
14844.055664 0.549585
14850.000000 0.549778
14860.000000 0.550104
14864.060547 0.550236
14870.000000 0.550329
14880.000000 0.550034
14884.067383 0.550098
14890.000000 0.550258
14900.000000 0.550527
14904.072266 0.550637
14910.000000 0.551111
14920.000000 0.551457
14924.078125 0.551783
14930.000000 0.55186
14940.000000 0.55199
14944.083008 0.552043
14950.000000 0.552698
14960.000000 0.55335
14964.087891 0.553802
14970.000000 0.553863
14980.000000 0.553964
14984.093750 0.553819
14990.000000 0.554005
15000.000000 0.554777
15004.098633 0.554984
15010.000000 0.554953
15020.000000 0.554442
15024.105469 0.554421
15030.000000 0.554439
15040.000000 0.55447
15044.110352 0.554295
15050.000000 0.553666
15060.000000 0.553057
15064.116211 0.552806
15070.000000 0.55235
15080.000000 0.551119
15084.121094 0.5508
15090.000000 0.55023
15100.000000 0.549262
15104.125977 0.548676
15110.000000 0.547776
15120.000000 0.5467
15124.131836 0.546255
15130.000000 0.545347
15140.000000 0.54335
15144.136719 0.542711
15150.000000 0.541644
15160.000000 0.539825
15164.142578 0.538886
15170.000000 0.537674
15180.000000 0.536051
15184.148438 0.535194
15190.000000 0.534115
15200.000000 0.532717
15204.154297 0.532118
15210.000000 0.531292
15220.000000 0.529439
15224.159180 0.528852
15230.000000 0.528446
15240.000000 0.527313
15244.165039 0.527024
15250.000000 0.526732
15260.000000 0.526231
15264.169922 0.52584
15270.000000 0.525309
15280.000000 0.524836
15284.174805 0.524457
15290.000000 0.524167
15300.000000 0.524106
15304.180664 0.523897
15310.000000 0.523735
15320.000000 0.523892
15324.185547 0.523775
15330.000000 0.523723
15340.000000 0.52407
15344.192383 0.524032
15350.000000 0.523964
15360.000000 0.524283
15364.197266 0.524417
15370.000000 0.524649
15380.000000 0.52461
15384.203125 0.524778
15390.000000 0.525166
15400.000000 0.525397
15404.208008 0.52569
15410.000000 0.525857
15420.000000 0.525705
15424.212891 0.525827
15430.000000 0.525993
15440.000000 0.52584
15444.218750 0.525961
15450.000000 0.526237
15460.000000 0.526271
15464.223633 0.526285
15470.000000 0.526164
15480.000000 0.526396
15484.230469 0.526307
15490.000000 0.526045
15500.000000 0.526034
15504.235352 0.525902
15510.000000 0.525784
15520.000000 0.526021
15524.241211 0.525934
15530.000000 0.52563
15540.000000 0.525544
15544.246094 0.52532
15550.000000 0.524816
15560.000000 0.52394
15564.251953 0.523756
15570.000000 0.523491
15580.000000 0.52259
15584.256836 0.522394
15590.000000 0.521992
15600.000000 0.520851
15604.261719 0.520541
15610.000000 0.519955
15620.000000 0.518495
15624.267578 0.517873
15630.000000 0.516992
15640.000000 0.515893
15644.273438 0.515237
15650.000000 0.514114
15660.000000 0.512156
15664.279297 0.511504
15670.000000 0.510542
15680.000000 0.508429
15684.284180 0.50771
15690.000000 0.506993
15700.000000 0.505311
15704.290039 0.50459
15710.000000 0.503373
15720.000000 0.501671
15724.294922 0.500757
15730.000000 0.499696
15740.000000 0.497838
15744.300781 0.497222
15750.000000 0.497009
15760.000000 0.496213
15764.305664 0.495871
15770.000000 0.495825
15780.000000 0.495743
15784.310547 0.495889
15790.000000 0.496654
15800.000000 0.497572
15804.317383 0.497976
15810.000000 0.499375
15820.000000 0.502263
15824.322266 0.503325
15830.000000 0.505061
15840.000000 0.508115
15844.328125 0.509434
15850.000000 0.510342
15860.000000 0.512379
15864.333008 0.513071
15870.000000 0.509946
15880.000000 0.504439
15884.338867 0.502053
15890.000000 0.490983
15900.000000 0.471863
15904.343750 0.463386
15910.000000 0.44156
15920.000000 0.403031
15924.348633 0.3863
15930.000000 0.358414
15940.000000 0.309147
15944.355469 0.287827
15950.000000 0.261508
15960.000000 0.214704
15964.360352 0.194325
15970.000000 0.174465
15980.000000 0.139304
15984.366211 0.123974
15990.000000 0.110928
16000.000000 0.0878816
16004.371094 0.0777817
16010.000000 0.0694391
16020.000000 0.05464
16024.376953 0.0481713
16030.000000 0.0431443
16040.000000 0.0342177
16044.381836 0.0303115
16050.000000 0.0272755
16060.000000 0.0218985
16064.387695 0.0195321
16070.000000 0.0176888
16080.000000 0.0144093
16084.392578 0.0129708
16090.000000 0.0117704
16100.000000 0.00963295
16104.398438 0.0086941
16110.000000 0.00793605
16120.000000 0.00658478
16124.404297 0.00599046
16130.000000 0.00546428
16140.000000 0.00452536
16144.409180 0.00411194
16150.000000 0.00376313
16160.000000 0.00314291
16164.415039 0.00286801
16170.000000 0.00265208
16180.000000 0.00226601
16184.419922 0.00209561
16190.000000 0.00193771
16200.000000 0.00165516
16204.425781 0.00153016
16210.000000 0.00142404
16220.000000 0.001234
16224.430664 0.00114994
16230.000000 0.00105856
16240.000000 0.000894781
16244.435547 0.000822254
16250.000000 0.000779378
16260.000000 0.00070246
16264.442383 0.000668347
16270.000000 0.000617344
16280.000000 0.000525736
16284.447266 0.000485063
16290.000000 0.000476366
16300.000000 0.000460732
16304.453125 0.00045378
16310.000000 0.000411589
16320.000000 0.000335662
16324.458008 0.00030187
16330.000000 0.000273829
16340.000000 0.000223322
16344.463867 0.000200814
16350.000000 0.000172915
16354.465820 0.000150435
16360.000000 0.00014812
16370.000000 0.000143815
16380.000000 0.000139652
16390.000000 0.000135498
16400.000000 0.000131353
16410.000000 0.000127293
16420.000000 0.000123237
16430.000000 0.000119186
16440.000000 0.000115139
16450.000000 0.000111097
